1.828
0.000
0.413
0.022
0.000
5.808
0.020
1.411
0.012
0.467
4.017
59.524
244.398
0.162
0.000
0.019
0.423
0.000
1.359
0.790
0.000
10.285
27.413
0.173
5.188
0.000
0.510
0.047
0.245
0.000
0.333
1.365
0.773
0.075
0.000
0.000
8.995
75.311
19.739
77.325
0.000
6.899
0.000
0.825
4.732
0.000
0.487
0.021
0.000
0.181
6.485
2.095
0.010
0.000
0.000
0.571
9.966
9.573
4.106
0.062
0.000
0.212
0.000
46.145
0.040
19.377
0.000
0.044
2.840
0.002
2.523
11.859
0.000
0.249
37.547
1.035
0.000
3.380
16.158
1.007
0.133
0.000
34.922
0.352
174.818
0.000
18.243
0.007
0.000
672.948
0.000
0.420
0.000
0.000
27.177
11.175
0.078
0.000
4.500
0.000
2.446
0.012
0.000
0.022
0.000
0.582
0.000
0.000
3.528
0.000
0.263
0.021
0.000
5.267
0.000
0.918
0.033
0.000
0.000
0.120
0.100
0.076
0.000
88.465
0.359
0.048
0.014
459.828
5.043
1.241
64.305
2.040
4.040
0.139
0.000
10.995
0.000
0.000
0.504
0.077
0.269
34.296
50.953
0.331
1.440
1.263
0.030
0.053
6.486
37.315
0.005
0.401
0.010
0.000
0.734
0.547
1.107
0.620
10.641
0.376
0.730
0.028
0.858
0.103
0.035
2.597
26.058
5.721
0.684
40.788
4.449
0.000
2.837
0.120
0.831
0.000
0.520
621.348
0.204
0.000
6.025
0.033
0.000
0.000
0.196
0.094
0.000
0.000
0.000
0.000
0.438
0.000
42.159
0.000
112.970
0.000
15.983
0.296
0.000
2.091
0.000
7.763
1.656
0.000
0.000
31.723
0.000
22.412
1.550
57.895
0.000
3.329
0.015
3.169
0.000
3.623
97.617
11.148
58.036
2.442
8.997
0.060
0.156
14.330
0.000
0.000
0.046
0.000
0.000
0.571
0.302
0.026
0.000
0.131
0.030
0.043
0.199
2.548
51.886
1.756
0.244
3.823
0.672
9.651
0.000
1.388
19.310
38.071
0.624
27.121
0.000
0.760
0.000
87.887
0.087
0.000
489.060
0.000
0.000
1.339
1.182
0.000
0.000
10.663
0.000
9.051
7.097
1.701
7.749
0.012
0.000
31.130
0.086
0.000
55.623
0.000
210.336
0.109
0.001
0.000
20.040
0.000
33.120
0.000
0.000
0.521
1.637
0.000
0.000
0.330
0.000
0.101
0.000
0.051
0.230
1.566
0.005
0.024
0.202
1.583
0.068
102.990
0.000
56.810
0.000
2.033
3.387
8.863
0.000
0.279
51.732
0.000
0.098
0.080
2.980
0.248
0.000
2.392
54.628
9.130
0.000
9.567
2.832
18.955
1.386
0.000
0.037
0.000
0.017
11.420
33.329
0.000
0.403
130.698
0.000
9.038
179.406
0.000
0.000
1.585
0.000
0.305
0.000
0.238
0.000
0.846
0.405
0.201
0.726
0.083
3.321
30.615
0.521
0.024
0.047
0.000
0.077
2.891
68.262
1.552
2.977
4.544
0.000
0.415
13.625
18.990
0.000
1.660
0.710
0.000
0.000
9.393
1.202
0.000
0.000
1.040
0.335
1.746
0.638
0.000
47.419
0.000
0.124
0.548
0.013
69.135
43.963
4.385
1.817
0.207
0.000
43.374
0.000
0.000
1.083
0.000
0.000
17.169
0.095
11.231
103.920
0.110
1.054
0.320
0.000
342.058
0.882
5.303
0.117
46.541
0.135
0.184
53.685
0.000
0.118
0.000
1.233
0.044
0.000
18.985
0.000
0.010
0.707
0.076
10.673
0.192
0.024
0.063
0.825
0.000
8.076
46.868
114.954
0.000
3.489
0.063
1.211
1.122
0.045
8.594
0.551
0.000
0.284
0.000
0.000
0.000
0.042
1.486
1.023
0.049
0.089
0.000
0.000
0.000
83.852
0.091
22.207
0.000
153.396
6.964
0.103
0.478
0.000
0.025
1.319
0.071
15.681
0.811
134.236
0.000
0.113
0.013
0.000
7.415
1.003
0.371
0.081
18.503
0.000
0.019
0.692
0.014
17.645
1084.214
0.651
109.456
21.493
0.498
0.049
76.764
0.087
0.000
0.000
0.197
0.000
0.390
0.016
0.247
0.004
1.471
51.611
0.004
77.327
4.328
0.419
0.142
0.000
0.000
0.000
0.000
0.222
0.285
0.000
4.090
0.000
0.000
0.009
0.478
0.045
0.000
0.000
39.304
38.635
0.000
0.000
0.000
17.430
0.076
0.000
0.000
0.000
0.107
0.000
0.529
0.277
0.000
0.037
10.945
0.000
127.493
0.234
0.000
0.000
0.164
0.000
0.026
0.000
0.976
0.749
0.000
95.763
9.197
0.000
0.045
21.317
3.593
0.000
0.213
4.964
63.637
1.156
86.325
1.115
0.000
12.709
0.000
0.000
0.117
220.169
0.803
0.918
0.248
0.000
40.093
41.519
0.049
0.000
0.690
18.807
0.013
0.000
2.865
2.701
0.008
0.000
236.553
0.000
9.774
0.027
0.180
0.029
0.108
1572.625
11.013
0.044
0.005
1.633
0.000
0.463
22.971
0.021
64.553
0.000
0.000
0.101
0.000
9.574
0.133
9.733
0.000
28.017
11.226
0.000
1237.198
0.321
26.452
28.436
0.194
0.000
0.230
23.260
31.994
3.383
3.420
0.000
0.000
0.018
0.148
0.000
0.079
0.725
9.181
9.086
0.365
143.086
0.068
0.000
0.000
5.729
0.000
1.060
5.408
11.135
1.472
1.743
40.006
0.000
50.469
0.000
0.000
0.012
0.960
0.051
30.917
0.032
57.827
11.913
1.468
7.045
8.998
16.235
0.000
0.037
490.089
9.030
0.000
0.098
0.130
0.022
0.002
0.016
64.643
0.000
29.634
0.000
258.483
0.000
2.132
0.344
0.047
0.203
0.450
0.755
0.021
0.000
1.743
30.151
0.000
10.465
0.026
0.103
20.134
214.898
0.000
0.224
0.108
0.060
0.076
0.000
4.334
0.000
337.675
49.173
0.355
0.000
6.955
0.000
4.903
0.000
0.193
171.239
0.000
0.605
86.489
22.467
0.013
0.470
25.524
0.201
0.080
0.000
0.000
14.802
109.591
0.000
0.000
0.000
1063.231
0.000
0.016
42.008
15.394
0.061
0.696
71.069
0.074
28.885
6.823
0.000
0.224
0.307
0.102
0.000
0.000
0.119
0.741
0.848
1.338
0.301
0.000
0.000
9.590
0.000
6.947
0.015
0.019
0.000
0.210
0.000
71.571
0.000
0.629
0.660
0.050
33.429
0.667
0.036
5.713
10.491
0.000
47.890
0.009
8.742
0.064
14.064
7.530
0.622
120.190
12.475
16.024
0.000
0.171
0.012
2.132
63.857
0.518
39.438
59.999
16.814
0.000
13.775
0.208
0.000
0.000
0.103
1.222
0.451
10.491
0.000
7.509
0.000
0.418
0.242
0.000
102.717
0.000
1.020
10.752
0.493
0.868
0.000
257.236
111.889
0.131
0.000
0.022
0.000
0.000
8.977
0.051
13.746
0.000
0.061
0.883
0.000
0.000
4.945
393.658
0.143
0.027
0.000
142.734
0.443
0.000
0.000
133.500
0.005
0.000
0.000
17.010
0.583
0.659
0.018
19.381
38.008
14.787
0.017
0.026
1.823
0.444
41.683
0.200
0.000
5.691
2.958
0.000
65.811
2.614
0.000
11.687
43.234
0.065
0.000
22.665
0.000
0.023
0.000
0.000
0.479
36.698
0.078
0.128
0.037
0.000
0.000
0.000
2.699
9.125
0.000
0.127
0.000
0.193
0.000
0.291
0.000
4.811
0.130
0.109
16.869
50.452
0.556
0.000
150.530
0.086
0.000
0.000
10.899
0.000
19.829
0.309
45.637
10.178
0.000
0.343
0.183
148.277
0.000
55.250
1.133
0.080
0.020
0.289
18.054
0.014
25.186
77.952
0.000
0.151
0.103
0.095
0.094
0.220
1.884
0.000
0.000
24.365
7.938
0.000
0.000
0.610
0.000
0.000
0.119
0.000
0.000
20.050
0.000
0.011
136.164
97.395
0.054
0.079
0.813
0.633
10.287
2.116
0.000
15.898
0.000
0.000
4.909
0.273
0.000
0.656
0.000
0.005
30.446
0.226
45.485
0.000
0.000
0.012
0.221
4.009
1.462
0.205
0.308
8.154
8.988
0.271
0.647
3.054
1.131
0.000
27.215
1.331
0.000
0.251
34.872
5.159
1.123
6.215
13.530
0.085
0.101
0.449
50.887
0.296
0.000
0.000
0.000
0.484
0.000
8.902
0.018
0.082
0.379
21.099
0.000
19.021
0.000
0.019
0.000
54.313
0.482
1.159
0.000
0.000
134.159
9.953
37.832
0.230
8.750
0.000
0.000
0.000
20.625
0.000
0.038
23.380
0.539
0.139
0.000
33.709
29.240
14.521
0.024
2.650
0.001
0.122
0.103
0.000
0.000
0.307
0.608
4.194
22.702
12.117
0.000
0.039
0.000
0.767
7.405
0.000
19.873
7.244
0.056
0.000
0.000
0.000
8.997
0.319
5.782
0.135
0.000
0.000
0.026
0.126
0.000
0.000
13.694
0.011
33.917
6.827
4.827
0.000
2.026
0.000
26.742
0.188
16.685
0.004
35.477
0.000
0.029
0.437
0.400
1.232
1.489
0.000
0.000
10.844
0.000
0.005
26.230
36.935
0.384
4.405
51.895
0.000
0.000
17.518
0.810
0.000
0.386
0.967
0.000
13.911
0.002
108.171
70.248
5.477
28.158
2.574
1.278
0.021
0.000
0.560
11.335
5.923
0.012
6.914
0.000
5.770
0.000
0.000
19.922
14.749
0.055
0.000
98.561
0.056
0.000
0.000
0.000
0.000
0.092
0.003
0.000
0.757
0.000
0.000
4.887
2.846
41.852
0.071
0.000
0.000
0.062
0.000
0.087
0.000
0.000
0.000
0.032
0.000
0.000
0.000
0.923
0.023
0.000
0.000
0.099
4.808
2.955
0.548
0.000
0.020
0.030
0.000
0.000
0.048
0.000
0.000
0.000
0.000
1.948
0.000
32.902
0.000
10.640
0.000
0.000
0.548
1.376
0.146
10.060
0.000
6.158
0.000
0.122
17.599
0.000
0.000
0.150
0.276
0.000
0.000
0.064
5.413
0.306
0.000
1.914
0.000
188.922
0.000
0.171
0.000
30.562
34.387
23.172
0.000
0.000
0.078
2.076
0.005
1.208
0.038
10.419
0.098
0.000
0.000
0.078
0.000
1.216
1.466
34.523
0.060
15.069
0.050
0.000
0.000
0.021
0.000
0.023
0.000
43.851
73.763
0.491
0.000
246.211
18.036
0.442
0.000
0.000
19.458
38.467
0.095
0.166
0.000
27.446
0.607
0.066
32.004
443.746
0.000
10.553
3.778
2.017
23.065
0.000
0.780
0.156
0.034
0.392
0.069
0.000
0.000
0.000
0.000
6.481
0.131
29.026
0.810
109.437
37.497
35.784
259.106
0.000
10.116
19.148
0.022
0.675
83.932
19.475
0.000
0.301
0.527
57.802
2.040
2.225
0.000
18.290
137.025
0.000
46.715
0.000
0.000
0.205
0.000
1.776
0.505
0.000
0.000
0.000
0.263
0.050
1.110
4.847
0.635
8.344
0.524
0.426
0.500
0.000
0.306
0.034
6.838
0.241
0.670
121.964
0.076
0.000
0.102
0.069
78.477
4.619
0.585
0.041
41.974
3.178
0.049
0.105
0.001
0.037
110.013
67.103
0.000
0.270
0.000
0.943
0.986
31.651
0.000
6.887
9.779
117.873
0.000
36.337
0.021
0.000
60.416
0.616
8.997
0.000
0.139
0.444
1.016
0.123
0.000
0.000
0.397
0.275
0.291
1.463
1.477
0.522
27.798
101.966
26.470
0.000
18.616
0.226
3.538
12.594
0.009
0.311
0.041
1.411
82.664
0.107
9.022
0.000
1.404
20.872
1.837
0.399
550.450
0.000
0.018
0.042
0.439
0.000
0.156
154.873
18.805
0.000
2.063
0.013
0.000
0.379
0.078
0.240
1.854
242.043
15.092
0.341
41.322
0.055
65.677
1.339
0.363
0.000
0.032
3.196
27.250
0.640
24.394
18.554
65.029
1.555
1.161
63.603
8.488
10.365
128.105
0.076
0.000
61.634
0.000
0.213
0.000
41.982
0.082
0.000
0.195
0.659
0.031
21.955
0.137
7.629
10.658
0.018
0.000
0.024
7.177
0.098
0.010
0.278
1.205
0.285
10.113
2.602
0.539
0.000
0.000
1.929
0.396
0.000
0.456
3.829
1.012
14.554
1.912
0.063
0.000
0.831
0.000
0.485
0.118
60.159
264.617
0.000
9.383
13.574
0.038
62.936
0.072
0.139
2.240
0.000
0.148
0.000
1.088
284.772
0.000
0.026
0.000
9.835
4.094
0.000
0.215
8.179
20.172
45.727
0.014
22.107
16.770
124.781
0.060
0.025
0.000
103.365
0.078
12.960
0.166
0.000
0.704
0.579
0.000
4.924
0.000
0.000
1340.478
0.000
0.529
0.757
0.014
0.000
0.048
0.000
0.022
0.000
34.460
0.360
2.421
11.354
2.989
16.687
1.330
4.422
1.807
28.240
0.025
0.010
0.000
3.516
0.000
0.191
1.514
28.921
0.000
0.000
9.599
60.197
10.764
1.996
1.978
0.000
0.297
0.178
1.674
0.797
0.000
96.703
168.074
0.932
0.315
1.888
0.240
232.208
0.000
26.297
7.723
0.471
74.654
0.310
2.274
1.577
41.791
0.038
0.201
27.193
139.752
0.370
102.670
0.195
14.761
12.697
0.154
0.171
41.313
30.067
0.000
0.959
0.081
0.000
5.620
4.342
0.000
38.972
0.000
0.992
0.000
14794.683
0.009
64.952
0.009
0.008
0.175
0.203
47.938
0.721
9.427
0.382
288.845
3.036
31.668
0.000
28.635
23.740
0.767
0.148
3.185
0.000
0.120
0.030
0.051
0.669
5.237
0.081
0.000
0.602
2.113
0.157
0.000
0.032
63.217
0.261
0.065
0.000
7.496
175.800
3.676
0.935
0.902
0.008
0.891
19.642
0.004
0.001
3.965
0.000
6.855
0.783
1.052
4.576
17.798
2.964
1.008
68.093
0.987
13.914
0.287
8.380
0.801
1.767
36.604
0.000
0.305
0.776
20.835
0.175
2.285
54.142
79.140
37.273
0.169
121.140
18.445
0.205
0.000
11.418
1.660
0.000
0.329
0.124
0.000
0.651
0.281
0.243
4.516
22.753
0.000
1.041
34.260
45.449
0.061
0.167
0.099
106.163
5.062
0.002
1.054
0.034
0.000
0.000
0.580
0.122
0.068
37.916
11.677
0.000
0.020
0.088
0.027
0.281
68.322
0.000
0.010
8.135
0.277
19.152
105.860
0.280
16.706
97.210
74.098
2.626
0.000
1.185
753.739
207.252
2.039
0.381
0.507
186.968
0.088
4.069
0.000
114.375
0.003
0.000
19.791
62.349
69.420
8.950
17.855
0.000
12.958
0.772
0.459
16.352
0.383
1.672
0.000
0.000
0.033
8.861
6.161
0.000
0.000
0.366
0.000
0.000
2.667
410.618
0.451
0.543
56.186
6.286
5.410
0.661
27.104
0.503
19.754
0.902
4.611
0.000
0.494
2.910
0.220
6.392
0.528
4.239
0.036
6.158
5.748
3.766
0.118
0.104
2.415
32.779
0.020
0.078
0.291
125.085
0.000
0.449
0.000
0.028
1.649
8.726
37.463
3.393
7.362
11.567
34.511
3.085
26.805
0.001
0.090
34.110
0.343
6.468
0.058
28.828
13.354
0.411
48.260
0.280
0.607
3.522
28.351
61.860
0.018
0.757
0.376
0.000
6.733
1.189
2.131
0.000
0.355
1.329
0.009
0.058
7.321
32.106
230.899
1.169
59.135
4.374
0.478
425.968
0.328
0.000
0.504
88.781
0.042
0.407
7.764
0.009
128.154
0.003
46.647
1.821
0.000
4.803
24.812
38.945
1.980
5.123
5.763
0.559
0.653
16.306
0.636
0.000
0.010
0.000
2.103
0.514
0.000
20.744
0.049
0.748
0.233
0.000
3.330
57.005
0.573
0.919
0.000
0.000
4.722
0.010
0.504
0.846
0.000
0.045
1.054
0.144
50.099
7.788
36.823
0.180
0.132
0.271
808.965
0.909
11.645
98.411
0.000
0.150
0.653
0.000
412.744
0.480
0.033
0.913
7.308
56.648
17.222
0.020
30.022
2.318
0.014
0.275
0.905
0.040
0.000
0.000
4.314
0.735
0.000
2.645
70.910
2.294
0.717
0.532
21.163
0.028
0.000
54.710
0.357
66.047
0.042
0.149
0.252
0.297
0.344
21.269
0.003
0.096
2.845
153.711
0.000
0.000
0.029
0.888
8.822
6.009
1.017
0.448
0.073
0.000
0.394
90.461
0.095
18.434
1.059
2.815
9.333
0.099
1.237
0.050
104.625
0.000
0.000
0.000
0.330
0.791
0.710
19.995
0.000
0.137
53.069
0.000
0.000
0.598
5.278
8.968
19.465
0.111
0.000
0.014
0.000
32.118
0.080
28.586
10.369
0.000
0.064
7.130
0.000
0.156
3.557
0.019
0.114
7.697
9.004
42.709
0.024
0.277
16.056
18.119
0.484
61.979
0.033
9.724
0.000
0.121
0.004
0.144
0.000
0.576
0.297
4.122
0.017
295.120
0.112
104.405
1.968
1.547
1.959
110.445
0.033
0.000
0.006
509.952
31.896
1.854
7.892
0.815
9.015
9.464
116.577
0.028
33.345
25.900
0.000
16.277
1.460
3.365
102.958
0.000
3.223
0.683
65.316
9.560
0.000
18.759
10.336
0.904
0.111
0.043
0.687
0.009
0.000
1.332
271.114
14.093
317.664
3.590
74.626
47.344
25.904
12.734
6.936
38.993
10.379
27.261
0.382
0.000
9.449
11.104
81.740
72.387
2.876
0.209
19.918
0.000
181.950
14.927
3.903
0.001
11.263
1.499
0.097
1.440
17.268
0.271
0.559
88.069
0.350
0.000
5.087
0.013
0.000
1.550
4.894
0.642
0.280
2.557
11.602
0.218
0.989
0.119
29.077
0.660
0.000
0.091
2.716
0.725
0.058
3.478
0.035
0.011
0.675
0.005
17.977
1.718
0.846
24.229
1.473
0.761
4.353
0.012
0.456
0.500
37.660
41.478
0.000
66.159
0.000
598.608
0.000
28.390
173.111
31.217
108.556
17.684
9.033
0.449
0.013
61.617
0.003
0.000
1.689
3.096
0.958
15.800
39.377
20.469
0.000
42.383
35.867
1.319
0.300
0.292
0.301
0.011
0.000
1.029
0.359
1.291
0.300
5.272
0.184
0.362
16.706
0.465
19.465
0.000
6.886
16.030
227.962
1.695
0.242
16.602
5.391
8.609
286.464
56.262
0.447
0.068
0.171
0.859
53.387
6.481
10.866
0.850
702.423
0.000
164.666
9.871
2.412
0.944
273.965
85.287
0.126
9.614
0.225
0.934
37.896
0.228
21.632
35.453
3.347
17.027
2.846
52.114
0.000
0.002
300.438
44.423
7.611
0.117
0.000
33.539
0.160
0.000
18.199
72.699
0.055
0.000
0.217
0.513
2.117
0.536
729.101
8.972
0.001
0.069
0.048
0.416
40.028
0.000
6.329
6.394
1.989
9.547
0.179
107.895
0.003
0.040
3.516
64.108
129.881
0.341
0.000
11.526
0.119
95.580
0.903
28.833
0.016
16.200
31.211
0.002
19.378
0.278
0.000
37.494
2.314
3.586
0.764
0.000
21.184
0.110
138.419
0.294
14.724
30.170
0.000
355.937
137.471
30.675
26.354
23.037
0.000
0.000
30.253
0.000
0.382
0.036
0.329
1.488
123.542
0.028
18.219
0.814
2.275
0.316
0.000
6.602
17.560
0.058
2.494
0.366
0.000
0.960
8.117
0.011
0.183
0.821
3.020
0.041
24.052
1.682
1.350
39.593
2.047
0.000
581.186
2.752
50.311
12.301
1.642
81.387
15.223
0.012
18.007
1.034
78.092
70.255
4.056
0.000
0.074
0.068
0.638
0.031
0.201
0.968
4.019
2.619
8.740
171.353
0.037
1.163
4.002
0.092
0.000
14.009
0.000
10.376
0.311
0.737
0.013
0.987
0.015
0.149
17.815
0.000
19.212
0.701
148.025
65.479
141.924
0.185
0.123
28.554
10.674
0.025
0.786
35.791
109.633
0.007
0.022
0.000
96.183
0.000
0.004
10.159
30.553
0.000
0.000
0.260
0.227
0.000
0.000
154.560
55.596
0.453
1.362
0.000
9.171
0.602
0.138
0.000
3.315
7.403
0.000
0.175
0.000
0.352
125.293
154.887
0.000
31.542
0.140
29.533
0.001
0.106
0.079
238.537
0.000
40.196
288.000
138.590
145.469
0.036
340.138
0.038
6.769
1.689
17.995
0.671
2.044
0.388
0.788
17.039
20.811
460.164
2.685
0.000
0.012
32.815
0.066
24.529
9.265
132.223
0.000
0.247
0.386
0.040
14.527
112.333
111.491
0.000
20.324
7.374
22.985
248.263
44.421
35.511
52.330
0.502
11.868
254.298
0.000
2.203
0.093
0.000
0.000
0.062
3.539
133.153
62.702
4.458
77.945
37.062
110.461
0.046
0.000
0.000
0.304
0.005
121.698
102.850
0.000
6.879
0.315
30.218
0.262
755.463
0.244
2.253
9.644
0.592
0.838
5.243
297.008
24.158
0.334
23.794
57.505
21.168
15.325
0.119
1.189
0.090
0.000
7.798
119.935
0.052
0.028
1.007
16.778
0.192
71.126
11.036
0.118
2.746
0.000
0.000
0.125
6.247
32.981
1.565
47.309
0.000
1.342
0.142
17.933
0.853
0.015
0.000
0.008
0.017
56.118
439.509
0.497
2.608
3.614
0.000
78.945
0.000
0.000
141.979
0.000
0.113
310.053
1.790
1.275
6.503
4.030
2.329
488.763
0.000
0.802
0.000
4.644
0.222
0.000
5.315
0.249
0.010
0.063
20.829
13.615
20.942
3.954
0.000
0.000
0.007
1.892
117.848
0.278
0.157
0.000
0.110
2.066
128.027
4.474
0.094
1.022
232.430
0.000
4.327
0.044
0.031
3.344
0.000
0.585
0.567
9.145
36.704
0.397
20.065
0.095
1.448
1.328
121.254
9.437
0.148
0.014
1.233
2.687
0.277
2.418
35.705
0.000
0.128
0.000
0.000
0.000
0.000
0.000
19.502
0.235
0.094
0.073
13.202
7.890
1.118
5.917
3.717
5.090
0.893
22.900
7.532
0.195
2.072
1.600
31.095
91.557
81.390
0.101
7.274
0.174
0.000
7.632
0.000
13.289
11851.824
0.307
30.501
0.000
0.000
0.139
875.706
0.000
4.151
12.586
2.139
37.070
0.018
6.394
24.252
15.651
2.099
1.613
71.967
0.153
0.285
0.228
0.517
0.000
0.011
85.500
0.016
0.427
9.089
71.474
74.507
0.421
23.402
0.380
10.344
2.152
9.384
11.128
3.048
0.000
7.989
1.778
0.000
172.895
20.929
77.222
0.383
10.797
0.926
0.219
5.301
256.682
0.209
5.488
2.169
211.243
38.652
13.269
0.248
19.018
1.279
0.000
40.113
0.782
0.362
0.016
0.012
359.972
0.141
0.936
80.903
0.004
0.000
1.735
15.832
142.836
14.767
15.107
2.828
6.379
1.276
0.001
0.000
1.638
0.399
0.040
29.830
33.076
0.000
0.000
0.511
0.000
45.913
5.262
4.565
1.961
23.647
21.132
0.177
3.726
37.636
132.165
2.971
0.927
3.202
0.096
1.859
14.226
17.726
0.016
5.566
0.090
4.260
33.819
0.170
0.000
14.789
420549.812
1.121
0.000
0.060
0.001
28.360
2.999
0.166
0.028
2.203
0.293
88.184
0.014
264.505
0.053
2.362
0.216
0.238
0.670
0.589
0.000
0.044
0.244
22.633
0.262
41.948
0.000
6.472
0.254
3.991
1.729
0.004
84.997
125.561
0.000
0.877
0.000
0.167
335.774
0.000
37.082
36.033
0.000
2.326
41.774
7.105
0.912
0.866
0.139
547.113
0.000
0.769
1.409
264.720
55.013
0.372
15.444
32.896
1.675
374.210
0.000
3.342
60.241
12.357
1.416
17.401
26.526
0.032
1.867
2.173
0.067
7.127
33.624
0.000
16.123
8.093
0.000
0.000
0.887
0.082
60.695
0.000
28.973
53.087
0.231
19.701
5.740
0.000
0.061
29.669
1.143
47.487
0.173
0.000
0.000
0.000
3.827
0.061
0.669
13.497
0.235
8.074
0.000
0.000
0.000
0.486
243.455
41.861
1.555
0.266
0.000
0.000
2.403
0.066
54.221
5.443
21.159
13.377
0.000
2.366
4.590
0.000
0.029
7.907
0.028
0.000
71.030
0.071
4.559
0.000
8.140
0.149
0.169
2.459
0.253
0.040
0.476
0.000
71.590
5.738
0.133
0.245
0.000
15.721
0.000
18.040
0.000
51.393
0.139
0.000
3.151
0.948
0.000
0.207
0.000
35.953
0.144
0.780
0.003
0.679
3.074
23.145
67.137
56.911
23.768
0.193
3.195
0.000
154.339
0.000
0.000
0.025
3.381
0.095
1.630
0.000
40.997
12.675
0.000
57.117
0.551
8.247
14.014
7.196
17.243
0.248
0.065
1.323
4.838
791.544
6.951
0.052
0.000
124.816
0.033
0.000
0.867
66.157
0.001
0.000
4.967
74.360
0.000
22.059
35.522
173.810
0.305
0.000
0.000
49.965
0.000
34.465
20.810
0.000
12.996
29.178
0.493
0.000
348.828
5.178
0.164
24.416
0.006
331.043
0.005
31.086
0.177
8.039
0.387
0.000
0.586
0.022
0.385
0.002
74.791
10.226
0.004
0.000
1.037
109.716
158.362
4.735
0.010
0.059
0.000
3.933
0.747
9.087
31.996
8.593
0.038
0.061
17.333
201.830
0.904
0.176
0.416
0.248
712.939
0.000
0.159
0.000
37.000
26.527
36.219
0.209
1.462
11.689
8.962
9.071
68.071
1.542
122.232
310.359
37.089
5.897
1.068
11.086
0.548
17.143
6.882
0.003
8.643
12.918
10.975
219.272
1.529
50.333
0.000
2.876
85.004
2.545
126.896
0.080
0.072
0.283
0.424
1.396
21.280
12.542
6.319
0.535
31.792
2.281
0.138
0.508
0.702
0.867
1.074
6.385
0.564
177.651
8.956
0.000
78.906
1.774
0.015
0.000
9.160
0.039
0.178
0.173
85.586
11.630
0.000
3.145
0.099
15.660
0.722
0.694
5.466
0.000
0.650
2.899
3.747
0.000
20.769
0.004
0.014
0.005
0.483
18.684
87.188
0.032
56.120
0.000
11.232
82.666
0.766
0.612
0.008
73.390
12.276
0.214
0.224
0.093
0.164
34.699
0.055
44.623
16.020
15.470
174.945
0.211
0.131
0.038
0.000
0.454
0.000
2.069
0.079
0.000
25.246
0.000
0.528
0.000
0.457
0.823
0.089
0.042
185.377
1.072
24.550
0.781
51.361
7.408
3.002
21.466
94.819
0.003
1.058
0.000
0.285
0.091
3.818
85.658
29.922
0.060
0.000
292.727
0.039
0.436
0.000
0.290
18.067
0.000
0.012
27.449
0.002
10.788
0.005
72.687
2.845
10.191
40.597
5.276
70.276
1.017
1.011
1.100
0.346
0.061
11.843
94.023
3.044
0.559
54.856
0.023
0.159
0.001
37.392
40.053
0.000
0.000
0.024
0.126
0.000
23.826
0.000
0.000
0.768
0.218
0.294
0.012
3.751
0.824
0.576
0.736
90.127
2.662
15.213
86.467
64.304
0.000
0.141
1.255
31.874
0.008
2.364
3.082
0.000
1.527
72.875
2.317
0.000
25.278
0.200
0.642
0.017
19.064
0.278
0.275
0.293
1.616
4.250
0.000
0.458
3.977
0.000
56.848
17.466
2.679
0.593
0.128
83.583
10.250
0.636
4.743
0.014
2.512
0.345
10.388
0.765
1.198
13.249
17.751
3.243
0.221
18.395
0.000
0.059
0.082
0.461
43.328
0.031
0.180
116.947
54.058
190.883
166.889
2.197
0.319
0.175
2.510
0.000
1.315
0.000
14.715
2.554
413.090
0.095
57.001
0.803
3.499
66.863
16.272
1.181
3.069
0.523
0.010
12.845
2.014
0.935
12.851
5.006
3.158
0.245
0.005
14.070
0.000
185.877
0.325
0.332
18.381
29.833
0.262
8.299
1.571
26.676
18.003
133.917
3.916
0.012
8.608
0.830
0.108
11.592
11.478
0.110
6.377
24.531
67.130
50.653
0.309
113.150
3.081
121.935
0.000
22.952
0.000
0.377
2.376
0.265
12.228
8.368
6.186
0.040
27.650
13.602
0.935
1.340
0.186
0.243
17.371
158.655
0.067
4.576
0.846
0.591
0.479
0.637
15.070
0.990
53.406
0.291
0.239
0.111
0.000
12.351
1.964
5.625
13.126
0.202
0.382
1.698
0.343
5.254
0.000
0.023
0.000
127.781
13.896
2.813
22.045
89.959
0.227
6.389
5.179
0.357
3.069
0.296
0.275
1.011
0.000
36.401
0.000
140.188
1.622
237.454
287.017
1.534
2.612
10.172
124.289
0.127
0.000
0.078
11.353
0.915
0.000
0.066
1.171
63.214
65.274
6.864
13.885
8.780
0.517
19.329
0.000
32.312
0.437
0.817
19.233
22.880
0.182
0.000
9.015
1.600
1831.324
1.550
100.734
0.354
0.116
0.000
300.332
0.099
0.000
0.037
100.461
0.000
14.329
0.000
0.810
0.961
4.375
32.576
9.220
0.107
29.144
0.232
1.574
1.928
0.000
0.333
0.101
27.129
0.548
4.332
0.888
0.078
50.305
69.488
176.328
28.879
2.297
73.343
0.000
0.048
1.336
62.538
0.000
1.905
6.041
0.133
82.267
178.778
53.407
0.000
40.873
4.764
1.758
22.766
6.169
1.072
0.740
29.815
0.000
98.567
25.770
0.266
11.178
0.000
14.749
0.134
0.449
1.527
12.982
35.196
52.556
0.936
18.898
0.000
5.683
2.529
110.758
0.048
1.318
9.588
2.730
4.085
0.425
0.030
0.000
0.273
5.871
0.163
33.452
0.000
4.345
3.463
17.384
0.036
0.000
0.000
30.871
290.417
1.022
0.000
0.019
0.343
0.765
10.953
24.735
1.705
30.885
1.537
0.000
0.070
20.553
54.928
0.000
0.507
24.336
0.115
9.975
0.000
0.010
0.000
0.401
1.585
64.213
31.704
9.466
130.456
7.901
19.406
30.432
1.475
5.709
0.204
5.083
5.907
0.183
636.253
2.863
3.579
0.318
1.180
0.168
97.187
0.567
252.859
0.000
0.054
0.078
0.027
0.000
0.000
0.033
3.493
0.049
82.956
0.096
3.854
0.000
0.134
45.003
10.006
0.008
230.621
9.748
2.202
0.051
0.011
1.872
0.000
89.023
0.000
20.445
0.370
12.812
1.884
1.403
3.396
1.599
29.537
0.658
0.173
0.000
77.509
4.897
0.381
0.896
0.471
0.000
3.690
0.009
0.285
1.236
0.000
0.000
9.061
9.622
0.000
3.464
13.047
0.000
0.000
0.087
0.000
0.023
0.080
10.286
14.759
0.032
0.619
1.499
346.579
17.494
1.242
0.000
50.250
0.120
166.243
0.000
52.362
0.265
1.029
20.791
0.000
4.732
112.952
22.432
0.000
3.158
9.690
0.510
6.897
103.902
5.665
6.139
0.261
9.834
1.125
62.280
31.217
0.000
1.102
11.136
8.622
3.419
0.000
1.276
16.552
0.000
12.717
184.980
0.022
0.407
0.000
0.337
0.000
0.625
1.769
37.880
0.806
9.171
28.304
0.245
0.013
0.000
1.721
18.144
0.000
114.329
1.806
0.000
71.355
1.184
0.000
0.704
2.044
0.000
24.011
13.917
46.628
0.000
7.045
0.383
0.245
0.056
523.552
276.431
36.386
5.032
18.047
2.876
7.150
15.130
19.029
0.038
359.398
0.000
11.613
29.633
0.055
22.250
16.686
0.409
0.840
0.270
9.854
50.471
0.210
30.032
0.000
0.054
0.522
10.676
7.418
0.871
1.541
1.607
0.000
10.135
43.195
0.000
2.609
0.229
2.231
3.118
0.000
12.725
0.202
0.000
2.082
10.559
8.648
16.927
0.675
1.680
0.004
0.049
1.787
1.134
0.000
0.385
19.278
0.000
0.790
14.119
0.000
0.672
16.169
0.102
118.665
20.779
82.981
1.704
0.045
0.111
1.044
24.398
31.336
0.250
0.000
0.000
93.773
0.680
1.918
0.128
6.044
0.025
0.007
2.520
0.290
0.000
0.207
0.000
56.631
0.173
781.312
0.470
22.625
11.864
0.623
0.015
0.336
0.000
0.267
97.546
0.859
0.000
4.215
10.275
5.737
0.000
0.787
0.465
0.027
3.281
0.000
0.000
0.112
0.032
16.055
0.532
11.153
11.966
0.000
20.029
23.069
24.728
7.192
20.373
0.029
40.025
1.501
23.182
0.902
4.802
0.000
24.219
0.361
0.000
0.000
0.016
0.004
121.208
0.000
0.000
4.071
0.000
0.325
11.847
2.397
20.781
0.000
130.664
0.146
0.072
0.055
0.175
0.028
0.038
0.574
6.215
49.726
0.162
0.174
0.033
1.391
39.474
5.203
1.724
0.002
10.514
3.825
0.000
0.007
0.000
0.287
0.732
13.738
0.989
0.000
0.207
0.000
2.721
25.671
0.000
5.223
8.998
53.594
0.071
0.000
0.027
0.029
0.360
3.338
0.000
0.997
30.872
0.809
0.032
0.536
0.222
7.935
0.139
0.208
0.226
0.241
0.000
53.556
0.024
6.700
209.390
0.190
5.134
30.278
0.000
1.009
0.869
3.068
0.000
0.117
0.026
1.488
4.293
0.533
0.000
2.727
478.583
0.000
7.608
11.849
0.000
0.015
13.857
0.000
0.000
0.000
2.557
0.000
0.000
3.026
3.113
0.000
18.652
76.299
0.832
0.125
0.074
78.922
253.400
1.290
12.005
0.973
0.000
0.000
4.882
94.931
0.000
0.106
46.863
1.413
0.320
0.365
24.967
28.557
3.696
17.642
11.828
85.488
34.226
1.302
56.502
2.887
2.703
0.258
0.349
0.064
0.007
23.322
1035.696
41.001
4.510
104.966
18.438
0.036
0.000
98.771
192.128
8.782
29.047
28.299
20.458
27.651
0.561
0.517
1.336
0.481
0.013
0.400
54.565
0.000
1.833
0.418
0.000
1.830
0.463
9.495
5.841
1.465
12.379
2.385
9.279
9.193
1.171
4.005
28.359
4.291
1.463
9.521
2.669
82.668
0.000
12.105
1.815
33.637
10.888
0.015
5.302
5.648
22.269
9.769
0.044
0.176
4.553
29.611
0.000
0.841
0.000
240.925
0.143
6.173
2.552
0.009
6.528
0.445
0.123
4.528
18.110
3.505
0.482
8.474
0.000
0.000
5.431
18.603
7.820
58.513
2.112
0.071
50.452
0.000
0.355
0.019
9.928
76.597
7.719
18.071
0.941
0.233
30.220
0.000
2.497
45.034
0.056
2.009
12.250
0.000
20.515
64.915
0.540
0.059
48.543
26.287
184.253
0.000
0.181
27.783
32.624
3.749
8.358
129.180
0.026
0.211
1.147
0.031
19.515
0.422
151.947
24.230
10.187
4.264
15.178
0.000
0.000
17.163
0.038
59.613
23.912
1.413
0.960
0.118
2.077
0.000
0.000
4.815
0.000
9.131
4.021
29.830
6.507
74.299
0.012
13.838
38.880
0.023
9.718
3.406
24.807
1.221
0.000
20.245
0.000
0.527
0.000
0.099
0.077
0.977
48.418
0.000
2.465
0.000
0.061
274.035
0.907
16.623
0.949
0.298
0.000
0.040
53.286
0.319
12.256
2.057
5.006
0.177
0.190
1.911
1.337
0.352
0.000
540.623
1.178
4.279
23.640
20.444
0.000
0.274
0.000
12.739
0.115
0.000
0.000
0.000
0.177
1.550
0.058
14.479
2.085
1.055
7.474
0.000
43.801
116.024
0.140
6.035
0.412
30.518
7.423
0.027
0.000
0.007
3.272
0.000
0.898
0.632
12.490
7.680
8.104
7.497
11.268
132.823
18.317
9.459
0.876
1.615
0.292
6.427
174.422
13.362
9.003
0.000
0.000
2.228
0.063
10.264
0.888
0.000
0.000
192.981
43.226
35.973
0.346
0.000
5.259
0.000
0.721
25.744
0.558
0.000
56.876
1.986
0.029
0.035
27.215
0.141
23.618
1.783
0.909
0.458
688.903
30.228
146.395
2.976
0.000
0.173
1.338
0.000
8.097
1.373
0.000
11.602
9.069
0.623
0.000
14.072
2.925
10.039
15.045
1.143
0.000
10.093
1.499
4.639
5.691
0.219
0.232
0.024
0.329
10.639
0.493
71.270
2.857
2.145
23.122
1.521
0.444
0.000
46.829
0.465
0.054
2.470
2.820
6.098
0.061
14.002
0.043
62.647
96.623
0.105
49.382
2.605
1.040
0.611
2.572
0.131
26.339
0.000
47.424
0.075
38.859
428.263
0.069
128.960
0.000
163.008
0.000
160.814
16.202
0.960
0.755
0.293
12.415
8.993
0.035
517.245
1.698
4.714
117.294
0.000
0.360
0.254
24.600
0.307
25.646
10.484
9.427
34.836
0.000
0.118
0.073
219.998
18.653
3.641
15.454
0.033
51.175
4.129
0.084
1.617
8.668
2.050
0.490
0.536
0.289
0.000
7.929
0.046
68.875
27.400
6.850
14.727
0.000
0.505
34.361
38.607
0.057
12.889
0.000
21.972
233.984
0.757
51.852
0.335
0.751
142.873
0.195
33.666
0.037
2.398
2.549
0.000
2.848
0.027
2.347
2.170
57.840
242.985
41.078
0.462
0.167
6212.539
0.065
2.564
0.528
13.875
5.747
0.017
0.000
0.066
0.067
0.698
19.693
23.216
27.988
1.780
0.782
0.000
0.028
2.671
0.321
18.479
122.040
0.000
38.875
18.236
0.017
14.820
0.104
0.000
0.252
3.968
31.349
20.646
22.556
2.312
0.626
16.049
1.511
7.362
0.000
1.675
1.238
0.013
24.920
1.254
1.173
0.000
25.737
1.987
0.479
163.875
33.762
32.272
82.847
1.071
9.272
7.277
12.908
56.078
0.907
0.000
0.000
4.255
35.922
0.343
20.768
0.015
0.000
0.116
0.000
0.714
14.182
0.081
5.232
0.051
0.000
11.774
0.117
247.632
74.549
0.024
20.039
0.000
30.323
0.269
1.067
1.199
0.054
5.035
3.693
1.104
1.007
77.388
0.213
0.060
9.394
0.000
0.090
0.123
0.934
319.737
9.217
0.336
623.210
100.552
19.745
0.000
0.155
0.030
12.853
14.366
473.696
44.435
5.449
0.000
0.368
2.804
0.283
0.120
24.770
0.000
0.254
0.000
0.065
3.368
1.120
0.504
0.000
4.032
3.691
0.367
0.204
0.440
0.156
0.000
0.045
0.135
0.222
6.256
0.000
8.950
0.000
36.077
0.000
63.256
0.010
29.812
8.641
62.584
0.452
38.086
17.541
0.000
0.393
11.116
1.130
23.117
8.740
6.897
11.739
67.729
3.398
144.674
27.686
237.638
17.951
4.221
0.059
16.416
5.486
0.013
1.256
0.000
0.000
335.556
0.000
6.988
3.214
101.370
2.572
0.000
0.000
0.396
2.634
8.781
34.013
1.774
0.605
199.989
0.028
0.248
7.504
0.047
0.000
0.586
10.267
9.204
9.728
0.000
0.000
0.000
1.766
1.125
2.886
14.850
0.209
6.620
0.005
0.073
0.211
7.936
2.984
0.009
5.592
0.007
0.000
0.000
0.615
0.397
44.950
9.397
0.191
1.062
0.455
32.140
2.658
0.231
0.019
0.157
3.260
15.686
0.543
0.000
0.000
0.190
0.045
32.492
0.000
1.387
15.189
0.028
6.742
1.188
2.240
0.309
11.918
0.000
33.884
6.819
3.581
3.377
1.043
15.647
0.073
0.417
0.000
0.768
65.251
76.121
0.585
4.721
0.000
0.082
0.000
0.190
0.145
1.061
0.000
5.072
0.000
10.739
0.000
41.212
90.839
0.170
0.032
63.456
8.415
1.454
0.000
0.017
22.644
0.017
20.870
0.909
1.992
22.529
0.513
0.000
45.128
0.000
17.562
0.951
0.351
28.303
0.345
0.288
1.599
0.000
0.064
47.388
0.973
0.022
0.000
6.592
118.405
0.296
0.008
1.873
0.000
2.030
0.056
0.160
17.803
52.563
55.708
236.729
0.182
0.000
0.007
0.000
10.339
0.000
55.056
0.000
0.217
11.058
0.863
1.718
1.946
3.440
15.027
48.113
0.104
23.635
190.084
0.062
0.299
0.020
10.102
0.027
90.530
3.166
0.054
22.897
23.978
0.000
11.175
9.959
20.237
52.163
28.463
0.076
40.893
10.264
3.364
0.075
7.708
0.657
32.100
1.550
39.446
27.492
13.314
1.705
21.218
2.683
0.528
66.575
0.211
0.000
0.300
7.486
60.735
1.834
107.680
0.101
0.055
0.480
0.000
152.836
60.435
125.797
0.954
9.794
17.637
0.227
21.332
0.036
0.347
1.112
2.121
6.211
2.352
0.000
13.635
0.129
1.449
0.480
0.010
0.096
0.592
0.225
0.037
0.535
10.594
40.631
5.086
0.000
0.000
55.928
3.725
2.352
0.024
6.416
0.410
0.118
0.145
32.593
0.041
0.651
0.129
3.655
0.000
15.182
115.747
0.013
123.813
407.815
1.935
0.000
30.333
0.403
0.000
2.271
12.893
0.313
0.444
3.301
0.072
3.150
0.000
0.196
12.034
38.600
65.592
250.125
0.035
0.000
0.000
0.158
0.001
0.000
0.000
12.870
0.761
1.753
13.437
3.335
0.091
60.583
0.993
10.842
100.168
0.000
0.699
15.866
0.000
0.000
115.793
0.520
8.849
0.000
45.251
2.523
45.746
17.095
0.061
13.724
2.694
37.724
15.546
0.039
0.118
9.824
16.009
0.016
0.000
0.000
0.041
46.358
8.090
33.168
2.233
232.110
2.448
51.567
0.317
0.048
0.045
65.070
56.115
1.077
1.887
8.811
0.649
0.000
56.041
22.244
73.166
0.000
137.514
3.840
0.688
0.450
53.249
57.735
0.031
0.142
0.245
1.068
19.874
0.000
0.000
6.123
0.000
3.909
3.575
33.412
1.551
0.680
37.655
40.041
0.300
0.000
157.335
0.549
0.346
5.144
0.003
0.065
105.173
0.000
0.423
15.332
7.415
0.021
1017.352
23.400
0.000
0.006
6.587
0.003
0.000
0.349
0.000
257.963
233.296
0.111
4.545
0.016
0.000
0.207
0.570
0.043
8.995
8.069
0.000
21.818
16.603
0.000
0.017
14.198
3.877
7.081
10.943
3.278
2.058
0.040
0.000
0.273
32.897
11.356
11.734
3.680
15.841
19.575
60.566
20.910
0.060
0.011
437.544
5.210
9.624
359.793
0.368
0.000
12.979
0.000
0.536
0.000
74.128
0.000
0.000
0.169
0.362
0.000
2.976
0.168
12.141
0.549
0.008
214.590
0.000
2.781
4.618
0.000
33.957
9.857
15.507
49.882
0.000
4.685
94.772
0.170
152.050
4.206
3.084
0.000
36.281
0.969
1.128
0.495
331.515
0.172
9.393
0.096
74.900
0.528
27.667
0.487
0.758
10.399
0.120
2.698
0.000
0.041
22.059
0.084
0.000
10.724
11.264
0.364
16.657
0.203
1.379
21.698
9.603
2.611
9.009
0.033
79.905
0.002
1.155
15.686
0.000
0.798
14.280
159.979
0.227
0.069
4.494
1.866
5.635
0.095
4.714
0.301
0.057
1.068
48.716
14.434
0.000
1.615
0.450
0.000
0.214
0.031
16.856
0.413
0.008
67.552
0.478
0.282
0.081
0.000
35.943
7.553
24.800
0.000
3.018
2.852
0.153
0.217
9.916
50.790
16.185
1.530
0.080
8.996
0.047
0.030
0.995
7.724
19.202
69.460
3.570
0.000
1.471
0.000
98.680
0.304
58.588
938.832
0.000
0.143
0.000
525.878
0.094
0.509
200.423
86.315
5.348
2.532
0.228
2.875
0.225
6.606
0.000
1.938
48.669
13.501
1.630
25.337
1.786
3.485
13.785
3.748
544.213
0.328
16.251
0.000
9.124
12.089
496.631
6.977
0.040
3.200
0.029
0.000
328.537
11.377
0.000
965.816
33.841
29.491
20.656
16.437
0.126
0.000
169.216
0.108
18.018
0.000
0.337
0.000
32.352
0.005
0.000
0.000
2.913
51.644
0.000
0.604
49.650
4.088
17.533
0.259
0.016
187.738
0.092
122.279
0.000
8.131
1.109
0.815
27.627
0.000
0.090
0.028
7.244
0.361
0.695
0.099
74.451
17.588
0.014
0.116
56.199
3.963
0.114
0.000
0.012
122.357
223.076
32.175
24.806
38.306
16.947
0.229
89.097
0.095
5.883
49.542
1.257
0.055
39.645
5.671
0.155
0.050
0.173
0.264
53.435
1.165
9.994
0.000
0.000
23.730
110.258
0.077
1.521
6185.775
2.373
12.292
0.061
0.323
9.209
0.376
0.352
0.090
0.000
35.475
8.447
0.000
40.713
2.541
0.000
1.782
0.000
13.761
0.973
9.316
3.325
0.004
0.913
25.689
1.396
0.000
0.169
52.095
74.626
36.875
0.000
0.000
7.368
0.382
0.997
0.062
0.088
10.004
5.787
0.000
8.356
0.192
0.316
207.537
0.043
7.545
0.000
0.032
0.034
0.985
23.299
1.642
0.052
19.393
0.000
0.046
0.000
19.273
24.232
13.186
0.000
2.576
0.415
0.121
0.029
853.465
0.080
5.604
0.152
0.125
0.051
3.085
4.589
1.261
0.659
0.030
2.522
171.552
25.558
1329.876
9.325
12.882
0.161
20.421
17.411
21.691
43.348
0.225
10.160
1.732
0.000
0.000
2.438
0.055
0.368
0.281
183.604
0.000
37.920
0.137
0.477
13.084
1.082
0.000
0.531
14.436
0.117
6.286
2.050
13.433
0.065
23.804
0.509
1.409
0.322
0.338
0.000
0.171
0.986
2457.312
2.385
1.577
0.941
3.970
2.609
0.448
141.825
0.058
1.968
93.678
0.537
20.438
1.095
62.742
0.668
0.756
23.268
0.000
17.781
0.495
1.528
0.022
10.251
0.000
0.000
1.864
0.035
16.171
0.099
1.655
17.389
0.008
1.871
66.955
2.634
0.000
4.177
5.991
0.021
0.496
0.000
243.066
0.456
0.070
18.010
0.981
0.077
4.982
0.653
1.773
0.608
0.000
1.620
0.091
0.269
0.071
0.514
1010.470
20.705
0.000
0.148
0.031
0.019
0.207
174.772
0.061
93.237
0.271
0.126
20.996
0.303
0.163
298.005
0.000
0.043
0.346
126.767
0.000
3.610
0.243
0.950
11.828
0.112
0.457
7.266
0.433
0.000
13.359
13.845
17.916
105.506
1939.472
8.181
0.042
0.000
0.170
1.417
0.000
7.883
0.093
0.276
4.741
18.909
0.000
0.768
0.733
17.943
2.128
17.212
49.058
0.227
0.000
0.060
31.995
0.000
121.774
0.413
1.190
7.723
337.533
0.074
0.282
2.184
2.154
9.855
9.808
0.000
0.050
0.000
13.297
28.407
18.292
6.124
18.043
1.446
0.000
87.582
0.220
16.588
0.018
0.186
10.895
0.038
36.944
279.632
5.148
137.930
0.810
29.915
0.076
3.469
1.450
38.051
169.623
215.258
1.707
2.511
12.972
0.102
4.722
0.176
0.000
21.229
133.613
0.040
4.178
10.954
0.054
1.305
0.095
116.718
9.389
0.000
2.787
57.302
23.306
10.459
0.000
0.406
1.610
29.280
35.585
0.034
0.076
4.712
3.130
0.000
0.189
42.344
0.000
97.250
33.958
1.052
17.344
0.044
20.226
17.657
0.124
0.534
0.044
0.000
0.000
0.004
0.044
3.452
1.392
3.234
0.239
28.975
0.000
8.718
0.000
11.758
226.785
1.434
6.868
17.692
1.254
0.618
1.453
15.706
3.227
2.541
24.398
1.255
0.017
11.202
12.634
138.171
103.718
131.872
11.784
0.289
7.566
17.057
0.000
0.773
0.201
2.513
12.344
0.208
0.085
23.393
1.533
0.158
0.033
0.041
17.524
4.147
0.000
2.176
7.159
1.582
1.025
16.129
2.360
11.845
15.770
10.746
6.331
0.000
33.409
0.000
0.412
2.640
3.035
9.093
28.651
0.000
0.458
0.000
0.000
0.000
0.000
174.877
0.811
0.382
0.586
0.000
0.224
27.839
0.710
0.000
4.298
0.136
0.748
0.285
0.000
0.258
6.133
0.182
4.528
10.577
11.215
0.120
1.813
54.728
2.709
18.427
10.794
0.097
0.865
2.075
0.321
0.000
4.504
2.320
0.000
13.446
0.286
0.263
0.467
0.000
1.243
0.183
1.083
93.083
0.514
0.000
0.856
0.024
6.074
7.536
1.077
0.049
0.000
563.778
17.758
0.111
12.955
0.133
17.067
0.136
1.159
13.754
0.094
9.021
73.883
0.000
5.746
0.946
0.011
0.000
25.999
0.000
0.000
0.299
1.248
19.176
117.411
0.000
58.202
12.553
0.314
0.166
0.042
19.176
0.352
0.945
0.022
18.950
0.777
4.113
1.873
2.429
0.388
0.322
4.073
40.431
2.710
0.572
107.351
0.318
0.012
0.000
0.030
11.273
20.218
9.923
0.000
57.711
0.737
0.189
13.960
0.036
0.220
3.155
0.056
0.056
5.757
32.422
21.254
18.976
29.903
0.449
1.985
4.359
2.918
7.920
0.000
0.077
0.000
46.780
1.232
146.885
0.000
0.000
3.497
273.893
1.249
0.000
20.062
0.073
41.140
0.003
0.052
0.000
0.000
0.277
9.537
0.249
0.007
0.938
59.045
0.451
0.228
23.138
1.753
0.000
4.999
13.637
44.897
1.032
0.000
10.263
21.997
21.817
0.000
221.115
147.967
21.137
0.074
280.537
28.285
0.019
15.997
64.298
0.000
1.953
0.000
0.267
0.091
0.000
32.107
0.000
11.672
0.392
12.412
0.000
9.391
2.008
1.290
0.314
0.064
31.716
0.200
66.252
0.000
0.115
20.499
11.427
77.238
63.836
0.377
0.248
3.656
0.588
322.149
0.000
15.182
95.551
63.730
9.816
0.007
258.214
0.001
33.072
0.785
0.394
781.959
0.423
2.074
0.014
4.846
0.017
0.530
0.000
5.500
0.000
227.134
142.040
0.000
34.394
0.000
0.000
5.242
4.684
52.244
3.082
0.375
3.537
18.038
24.555
0.706
50.609
1.696
0.250
0.007
8.933
61.270
12.874
2.368
225.288
2.480
0.000
1.131
0.816
0.178
1.987
14.862
0.141
0.241
0.218
21.660
28.807
12.736
21.166
123.058
0.779
5.603
0.062
1.357
0.373
0.000
6.305
0.049
0.000
2.456
2.246
0.000
0.000
16.493
2.357
10.313
0.000
21.113
2.385
0.187
0.019
20.061
0.000
1.118
11.981
6.802
3.551
0.000
4.477
34.624
0.000
0.300
1.974
9.459
0.014
3.594
216.974
24.171
10.994
0.512
1.870
5.704
5.099
6.870
14.050
32.962
7.115
0.827
5.227
0.281
0.853
0.004
11.961
0.142
0.182
0.000
50.379
0.050
14.317
7.508
13.832
6.824
45.108
0.000
0.000
211.171
0.055
7.057
0.015
0.668
0.371
74.234
200.995
4.358
0.271
0.452
7.249
3.928
4.601
65.499
0.246
68.866
95.576
0.000
0.252
0.608
11.956
11.117
0.000
0.630
0.000
0.040
25.363
0.084
3.595
0.109
0.040
0.000
8.630
4.221
0.000
16.288
0.000
9.650
0.235
2.166
10.250
4.695
0.386
15.148
0.000
4.631
0.064
185.319
7.712
0.000
1.679
0.739
0.022
88.637
11.455
28.746
1.682
0.000
0.031
50.242
0.000
0.200
0.000
1.257
204.304
8.971
609.516
0.121
14.737
2.499
43.359
0.012
0.000
24.115
0.091
0.241
0.143
0.249
0.005
50.761
8.333
2.180
1.075
12.517
2.143
337.165
201.111
0.839
1.155
16.326
0.675
0.094
0.695
0.113
0.002
0.000
19.120
2.180
0.000
19.319
74.327
0.000
973.458
1.481
1.026
0.213
0.031
19.358
8.749
3.910
24.860
0.109
55.890
0.126
0.109
52.760
2.465
0.087
0.092
1.616
9.518
9.476
64.559
55.542
4.298
0.076
0.278
0.000
0.000
0.000
3.675
2.084
87.199
37.870
8.436
80.605
3.492
0.000
54.448
9.003
0.000
15.081
31.811
14.958
0.037
0.000
0.000
0.000
17.422
4.963
2.043
112.162
27.970
0.052
1.553
0.644
0.000
36.365
0.000
95.398
9.747
0.032
11.156
31.827
40.180
110.582
0.322
1.870
4.720
0.250
8.147
0.000
0.914
0.023
18.546
0.571
0.000
0.733
27.429
42.368
0.058
7.004
0.854
0.026
158.671
0.471
0.000
4.306
14.297
0.038
28.316
69.496
0.623
270.617
3.001
18.403
0.220
403.573
0.000
10.498
0.511
8.492
146.288
0.000
2.691
2.594
210.573
0.062
0.000
0.153
0.011
33.636
0.000
56.651
28.036
0.688
0.023
1.295
3.870
0.213
141.034
58.856
1.684
0.000
5.336
18.650
85.553
1.035
74.449
0.006
0.114
64.313
21.161
0.987
1.808
19.596
18.303
100.692
0.956
0.550
1.028
15.872
54.666
20.680
11.771
19.263
0.000
0.000
0.291
1.383
12.662
2.783
5.657
2.316
2.877
18.521
23.168
0.483
0.000
0.480
0.450
0.000
0.215
0.484
0.158
12.072
0.000
0.000
0.000
2.263
8.251
1.765
0.219
0.356
45.963
12.288
0.914
0.000
1.058
0.000
0.746
3.278
15.917
89.117
2.607
7.173
0.407
0.058
0.480
0.122
0.000
0.000
157.317
39.980
0.168
70.369
2.618
58.184
0.003
9.080
4.092
0.230
18.127
1.763
9.490
9.223
23.576
0.290
0.000
12.409
1.575
0.000
1.536
0.860
0.045
0.342
21.390
72.744
7.838
12.678
14.831
6.247
0.241
63.098
0.000
0.206
10.679
0.000
0.430
3.832
0.986
0.000
0.000
1.619
0.063
0.157
0.171
0.036
0.072
1.249
1.026
0.139
0.246
0.010
59.790
178.820
12.693
7.060
0.000
12.654
0.174
0.021
15.661
10.421
0.078
19.775
1.727
0.047
15.493
5.188
0.378
0.000
5.147
21.431
12.951
7.918
3.463
0.000
8.433
49.605
4.055
0.004
0.400
4.030
0.000
29.872
1.204
0.000
0.034
5.338
0.295
12.954
0.078
25.601
0.813
0.000
4.737
9.223
0.465
0.646
0.166
1.263
9.634
3.500
2.524
0.165
1.102
0.000
0.112
0.000
274.982
0.000
7.521
29.144
20.700
97.936
0.185
31.424
72.352
18.951
0.062
2.342
0.000
0.026
32.945
31.886
183.993
100.700
0.116
1.647
14.792
632.097
20.397
12.877
0.138
0.515
170.595
0.956
1.894
1.008
0.000
0.239
2.416
3.256
1.027
0.271
1.912
0.090
0.158
4.098
0.243
0.007
0.259
0.025
0.816
9.187
0.000
0.223
0.293
61.286
0.862
0.000
0.000
135.804
4.344
0.566
5.636
20.906
26.634
0.026
0.053
0.000
1.783
5.073
3.537
3.668
0.098
1.543
0.028
6.129
0.000
45.558
0.000
7.674
47.788
39.018
0.084
0.324
0.029
5.070
0.169
0.065
11.994
217.816
2.737
3.561
0.055
2.347
84.779
11.010
1.193
0.083
16.507
0.731
0.033
0.000
28.812
29.426
2.874
0.307
0.070
10.810
0.000
0.111
10.809
0.000
21.022
0.490
0.374
0.463
0.302
2.281
0.101
0.180
0.365
16.424
14.997
72.802
0.148
0.229
1.674
0.000
0.000
1.719
0.138
0.000
0.000
12.210
4.631
1.303
32.133
0.237
2.132
0.441
5.359
1.076
121.973
1092.373
0.035
0.077
0.033
0.304
0.616
9.360
2.389
41.174
31.440
44.296
1.786
0.299
0.515
0.004
3.115
0.235
28.436
4.061
60.400
0.198
0.221
0.000
0.263
40.817
0.107
46.875
28.160
1.571
0.000
0.000
0.075
0.454
0.026
0.554
2.721
5.907
40.258
4.136
0.086
6.971
16.154
5.408
16.322
0.027
10.706
33.260
4.297
19.161
11.972
0.000
0.015
0.218
7.347
0.098
37.501
1.491
1.631
2.340
10.798
2133.289
56.090
0.527
0.044
0.074
0.000
10.301
0.523
78.485
23.594
56.213
77.835
82.951
12.904
0.766
22.968
0.001
0.750
11.051
1.184
4.896
0.000
0.396
5.273
0.032
12.378
1.190
19.707
9.017
0.278
0.073
0.000
15.312
0.000
9.017
0.000
0.004
10.509
2.256
1.775
0.193
0.240
0.498
7.648
1.078
1.131
0.000
0.000
4.988
7.947
0.000
0.000
114.956
0.816
0.000
0.000
3.458
9.094
0.000
259.993
0.000
41.713
2.239
12.894
14.447
0.081
0.000
0.682
0.000
3.782
0.725
102.403
61.541
19.491
107.128
1.431
10.639
0.007
18.709
0.261
0.000
697.674
0.000
26.927
3.120
0.000
0.184
0.105
0.018
0.000
0.000
0.023
0.020
0.389
0.096
0.900
0.038
14.619
0.007
0.118
0.652
0.849
0.744
28.282
0.000
0.000
31.663
31.803
1.478
0.349
1.426
0.004
0.567
14.298
9.585
0.000
0.000
0.009
22.166
19.580
0.000
0.715
38.023
10.589
0.494
0.037
0.780
1.009
0.000
378.085
0.132
17.904
0.127
0.031
17.294
44.705
66.605
11.419
0.080
11.402
2.046
16.423
0.199
1.958
10.583
0.377
33.162
0.360
29.012
24.967
0.919
135.473
0.128
1.771
2.033
11.501
33.513
469.352
1.985
2.109
5.443
0.000
1.313
0.333
0.549
5.615
24.093
0.185
3.272
92.640
0.000
7.401
2.570
11.019
9.992
29.040
43.301
2.292
0.000
0.052
6.471
2.839
0.684
0.000
2.944
0.000
0.786
3.741
9.134
103.767
20.175
0.053
0.581
0.292
4.712
0.439
0.715
0.000
0.000
6.765
0.000
0.000
0.008
6.291
0.002
30.118
0.000
19.305
3.068
0.000
6.356
2.062
5.519
3.815
0.844
0.000
0.339
59.473
0.255
3.283
3.722
3.074
0.000
0.364
0.405
28.652
2.167
1.037
12.233
16.137
1.166
0.004
6.099
0.000
192.545
12.736
9.943
0.036
3.041
0.000
20.935
0.000
218.549
43.704
0.762
0.267
0.000
0.035
11.672
14.725
124.872
17.335
10.445
0.639
0.000
178.181
0.277
197.614
0.212
0.972
172.296
8.109
78.199
45.748
25.623
13.745
22.038
0.034
78.055
54.696
12.952
0.146
53.201
0.153
8.235
177.002
37.658
13.066
13.542
0.017
17.944
0.000
0.000
0.718
1.824
0.000
18.825
0.000
0.000
3.766
3.160
0.427
94.569
0.040
44.568
0.315
0.025
122.526
1.207
11.733
4.631
1.575
0.057
0.079
417.597
0.072
9.358
24.463
1.162
44.110
1.928
0.000
11.866
0.093
62.303
17.072
0.811
20.665
0.156
29.331
0.260
8.897
1.567
0.000
427.648
18.826
0.049
3.712
0.036
9.574
1.261
3.268
24.161
30.407
0.016
11.208
127.443
28.059
6.647
1.165
11.734
0.000
0.931
0.917
0.767
0.000
139.041
0.000
0.000
0.000
15.347
0.065
7.878
22.712
0.000
7.592
0.073
0.075
0.089
18.781
1.307
0.629
24.165
0.000
12.148
127.857
9.956
0.211
1.481
1.012
0.081
0.000
18.059
0.000
0.045
0.007
7.801
2.456
0.705
0.418
27.482
0.971
1.915
0.168
0.120
0.000
0.000
0.000
14.289
1.624
3.559
0.000
0.000
71.737
8.989
0.259
0.483
0.697
0.528
8.723
2.120
0.777
0.167
1.281
0.126
127.454
0.027
2.540
0.000
0.638
0.000
81.578
83.243
102.182
0.000
32.956
52.039
105.875
0.000
14.839
41.692
6.364
21.617
0.045
1.702
3.847
10.606
2.014
2.416
71.183
0.000
3.115
1.741
0.020
2.274
0.478
59.622
43.589
0.035
0.000
3.088
0.000
3.164
24.681
0.293
102.055
1.184
1.028
0.000
0.762
14.298
0.002
7.071
3.635
15837.095
0.171
0.893
0.000
1.224
3.913
473.684
8.762
0.041
17.903
0.382
15.699
0.053
16.098
133.569
2.015
0.832
367.503
0.049
1.836
20.273
0.000
0.000
0.001
14.433
104.104
0.266
0.000
13.218
39.835
74.363
0.072
30.259
578.872
176.052
2.456
0.178
32.277
77.626
0.000
1.704
105.857
0.907
8.633
138.360
0.000
26.730
3.640
16.365
0.000
0.893
9.882
0.000
0.000
1.318
0.249
0.202
1.297
3845.806
37.084
12.604
396.042
609.999
0.030
21.711
8.963
7.564
1.472
0.210
0.000
0.000
11.983
1.606
2.713
0.000
0.124
0.000
227.541
26.593
40.350
0.143
0.000
0.047
3.675
39.184
0.000
0.405
178.295
168.661
3.675
1.049
364.029
6.862
0.016
45.224
0.114
8.787
35.537
0.046
7.584
2.722
0.540
47.760
2.578
0.000
2.897
38.945
0.217
36.953
61.203
0.000
0.003
0.000
2.789
0.030
0.000
3.879
22.558
19.674
108.686
0.938
0.000
0.235
0.000
0.292
29.479
29.988
86.431
1.257
19.793
0.145
0.000
12.744
0.843
9.279
0.127
15.006
129.463
17.795
58.914
5.692
2.098
0.054
0.178
0.319
15.537
10.549
0.000
20.656
0.397
6.273
1.942
2.252
413.162
6096.374
0.000
0.039
63.053
6.135
78.993
0.000
0.029
0.794
0.144
0.000
0.652
3.471
0.000
41.408
175.118
37.800
7.060
0.000
19.420
798.936
0.599
0.063
1.532
0.217
10.480
6.309
0.901
0.075
747.494
31.939
0.000
0.146
194.743
20.859
16.845
0.017
2.129
4.437
0.000
8.930
644.148
2.053
0.292
22.143
0.746
0.917
0.755
3.440
0.000
149.716
0.179
0.141
4.131
6.217
8.293
3.443
11.152
54.428
0.031
0.080
46.998
0.118
0.170
8.988
0.471
0.082
0.045
59.175
8.991
2.638
0.991
278.791
39.586
12.673
0.008
0.795
524.163
42.770
49.373
11.738
0.463
0.133
21.585
7.581
0.113
0.477
8.196
1.177
0.000
49.430
4.349
1.885
277.786
2.628
16.332
3.818
6.034
17.181
0.294
0.000
13.834
26.543
10.685
2.561
0.000
1.182
0.023
0.446
0.332
0.000
12.967
0.000
3.504
0.054
0.000
0.000
2.436
0.063
17.600
0.651
32.418
17.118
0.673
0.000
0.000
0.160
10.177
29.883
0.000
0.119
11.758
0.000
8.005
0.000
45.038
14.376
126.252
80.218
3.856
259.061
0.001
0.000
38.618
0.000
1.611
2.162
9.079
0.069
1.871
0.000
0.015
1.003
97.504
0.159
1.413
0.000
0.119
0.019
3.415
0.000
14.590
8.732
0.123
49.529
7.421
13.897
0.028
89.692
0.791
3.395
3.324
112.470
0.006
3.340
1.746
0.000
7.102
0.311
0.319
33.203
5.226
0.026
31.718
165.499
51.825
0.648
2.226
0.191
158.620
0.095
1.482
77.469
8.293
35.286
3.661
0.000
10.321
0.697
5.838
0.362
0.018
49.844
0.021
18.284
36.432
0.839
0.000
9.597
1.219
11.826
30.413
13.892
0.000
0.368
1.199
0.003
0.017
0.795
40.671
0.000
1.594
0.191
0.000
0.000
19.561
0.000
0.000
60.979
0.242
6.548
12.281
0.234
0.006
9.659
0.061
31.611
1.427
1.029
0.676
27.293
6.894
0.103
140.226
11.167
50.434
0.000
0.172
0.135
2.152
5.608
0.298
0.053
0.000
0.667
0.257
5.280
4396.785
93.027
11.487
0.313
0.021
1.130
51.241
0.595
0.000
0.051
0.000
0.000
2.659
0.725
9.077
0.062
0.000
59.225
0.000
0.253
189.225
14.925
19.244
0.074
0.383
36.300
0.012
0.027
0.858
1.283
0.085
34.701
6.632
0.173
0.058
0.000
0.529
15.920
9.130
0.154
61.646
0.426
0.001
4.220
8.423
410.149
2.698
0.000
0.177
49.789
21.932
5.938
35.036
53.315
4.294
0.045
0.000
8.864
0.075
0.188
79.403
0.000
3.127
0.000
0.000
803.671
0.041
147.064
26.383
5.727
4.945
0.177
1.667
0.000
0.135
2.138
2.388
9.065
0.421
0.822
0.184
1.339
1.494
182.227
20.567
0.039
0.026
0.000
0.188
5.673
0.000
1.280
32.635
0.114
18.259
41.162
0.344
2.048
0.049
0.000
210.133
0.000
5.363
67.999
41.475
0.005
0.152
0.000
34.419
8.949
12.943
24.501
0.000
60.721
0.077
0.085
0.000
0.000
5.560
0.086
122.285
10.144
0.830
1.608
0.029
0.372
4.247
10.530
19.839
0.000
0.044
0.576
42.168
954.221
4.609
0.000
6.029
23.908
1.129
102.415
0.392
9.870
68.773
0.135
0.195
0.812
0.008
17.211
0.000
14.168
0.000
10.923
19.489
53.528
0.131
5.943
10.107
9.104
0.132
0.914
9.279
0.092
27.626
10.191
0.000
0.315
16.967
12.130
0.227
0.000
8.043
58.603
2.052
162.735
1.977
7.845
0.000
0.040
15.685
0.434
3.185
2.861
4.610
11.205
0.000
0.000
0.000
4.317
10.165
7.019
0.032
23.658
0.067
0.000
17.945
0.083
0.033
0.000
14.510
116.515
14.888
0.895
4.277
0.000
0.066
0.000
61.766
7.948
0.000
0.115
6.596
3.719
102.540
2.592
89.554
11.596
1.019
1.243
0.618
2.424
0.000
14.297
106.916
0.028
1.859
0.000
0.000
0.248
14.951
0.511
13.099
0.005
0.745
0.050
2.420
0.117
517.798
0.111
561.343
10.858
0.022
17.230
0.110
0.066
33.612
0.213
0.213
0.000
0.280
0.007
12.828
21.010
11.751
13.683
1.373
0.000
7.493
7.041
35.578
0.365
19.910
0.632
0.000
251.815
6.678
45.600
162.879
2.853
0.000
0.504
1.825
21.467
0.055
0.105
11.035
3.187
86.924
0.000
0.055
0.000
0.000
2.341
12.579
15.138
195.811
6.011
0.463
0.363
1.450
0.261
25.696
31.909
7.677
0.653
0.006
0.111
0.106
31.714
0.209
4.360
4.046
7.686
0.646
0.000
1.809
5.943
0.469
1.021
31.520
0.387
83.736
3.264
1.507
0.000
3.723
0.380
1.336
119.368
0.000
0.000
17.631
0.000
0.643
40.047
0.608
0.038
0.000
0.400
38.535
0.000
0.356
15.268
9.401
1.939
1.597
36.292
1.464
47.526
0.033
14.807
0.000
40.124
0.000
10.836
7.654
59.511
0.389
32.388
29.402
0.000
12.637
3.534
8.034
0.919
11.139
3.025
32.793
0.000
54.288
12.038
2.359
51.443
9.147
0.753
62.553
0.103
0.000
5.166
32.621
0.129
6.375
3.441
0.000
201.859
0.000
882.776
0.190
53.058
0.160
164.350
0.880
35.788
0.503
75.121
0.000
6.484
0.369
221.760
6.681
0.100
1.234
60.646
722.894
0.216
0.844
0.657
0.000
2.104
4.832
20.246
27.556
5.295
47.447
1.585
0.356
103.502
0.000
0.000
0.000
15.938
0.000
0.000
0.271
0.000
2.185
0.021
39.871
172.685
142.573
170.887
0.588
18.725
15.853
0.065
90.546
87.822
0.273
0.000
0.246
112.198
9.211
0.326
1.790
109.092
17.708
0.233
0.367
10.901
125.379
2.705
0.020
0.158
0.662
29.125
3.939
16.410
0.056
1.995
0.000
88.564
0.042
3.118
0.089
2.084
0.000
9.138
14.113
0.930
13.837
0.933
8.052
0.854
0.720
0.538
8.160
18.007
0.000
1.033
0.055
1.416
3.192
0.000
2.299
0.032
4.328
4.363
12.995
0.147
0.115
0.606
0.046
0.000
0.720
30.932
0.000
537186.250
0.000
0.000
0.000
7.033
0.084
8.170
10.216
63.065
28.530
26.538
0.000
4.174
0.296
10.304
0.000
8.499
86.241
39.780
57.466
18.983
0.731
0.000
0.657
0.108
0.028
3.075
0.113
0.709
0.000
1.433
29.040
3.872
0.009
11.463
54.871
0.359
0.352
15.029
14.256
0.393
6.906
0.061
34.495
85.968
27.223
0.000
0.199
0.851
0.345
0.715
22.858
0.563
6.640
211.435
57.472
185.797
0.922
172.787
0.590
1.389
45.109
1.524
1.274
39.893
6.480
0.000
32.555
0.000
0.079
1.153
2.686
19.454
0.001
4.405
0.319
2.523
0.398
150.051
100.196
0.153
8.596
4.858
0.642
0.002
0.000
30.871
0.000
0.010
0.702
0.092
29.543
0.025
3.743
0.731
0.208
1.529
0.095
5.937
34.519
23.586
15.557
2.439
0.128
4.605
0.000
0.262
12.615
0.210
0.374
0.765
33.629
3.666
0.222
0.801
45.790
19.093
1.118
31.123
2.181
44.202
1.746
0.054
1.169
0.000
100.581
2.316
0.623
16.451
13.181
5.530
1.636
0.000
0.660
0.000
98.574
0.577
0.000
131.139
1.363
92.774
104.627
1.723
0.000
1.057
0.387
3.411
0.055
28.480
22.725
1.362
0.000
0.042
0.674
31.680
0.285
0.000
0.096
1.095
35.708
6.249
0.433
0.105
7.150
0.855
15.085
9.135
0.244
0.000
0.032
12.399
0.138
21.250
243.763
0.000
2.018
0.009
0.115
9.834
31.409
0.000
1.208
13.517
1176530.500
63.316
0.298
153.218
29.098
324.453
3.320
28.428
0.000
5.366
0.152
0.037
5.930
0.000
20.899
20.358
2.199
5.364
146.312
0.072
198.275
550.603
141.215
8.517
1.246
0.301
11.133
0.020
0.053
0.881
0.000
29.553
0.420
0.000
3.303
4.485
43.173
0.087
0.000
0.000
1.928
1.447
0.136
801.140
0.446
0.037
0.000
0.948
12.732
0.020
0.089
0.018
4.150
0.000
0.159
0.000
71.203
0.047
0.312
36.762
0.314
23.084
0.000
0.930
0.020
9.059
48.128
13.147
80.160
0.067
0.244
2.584
1.010
0.000
0.000
8.892
0.000
21.299
0.000
0.000
4.024
15.362
0.786
10.082
4.096
0.044
58.382
1.372
0.096
13.652
19.648
18.992
30.959
0.059
0.000
0.000
0.000
0.000
16.247
5.659
4.065
79.304
0.204
11.803
7.482
2.129
275.318
5.921
0.383
0.719
0.000
23.975
9.041
0.539
48.799
3.220
0.000
10.255
0.235
281.431
0.000
20.290
0.183
0.748
0.344
0.413
11.211
0.498
7.780
91.630
3.603
0.215
0.055
0.059
142.013
0.000
0.795
0.566
0.000
72.649
105.191
0.000
0.000
8.029
19.409
122.700
2.239
0.003
3.479
0.013
42.910
2.947
0.632
110.337
0.200
0.000
14.768
1.879
3.182
0.295
0.072
8.496
0.098
104.809
0.044
72.935
2.892
5.403
8.550
76.944
118.025
74.986
41.080
35.453
7.344
0.331
2.925
0.000
1.897
0.366
0.521
12.502
1.261
1.056
152.468
11.104
0.000
1.969
0.053
45.579
16.187
4.415
1.584
3.710
0.000
4.970
0.000
0.107
31.317
9.900
12.563
0.000
243.452
5.216
