2.148
0.000
4.990
0.000
0.000
0.000
0.000
0.000
0.114
0.000
0.012
0.208
58.486
0.000
0.000
0.000
0.007
0.000
0.000
0.760
0.000
0.200
1.676
0.742
5.305
0.000
0.083
0.000
0.000
0.000
0.000
11.528
0.096
0.000
0.000
0.000
0.000
0.075
0.057
50.531
0.000
0.000
0.000
0.000
0.888
0.000
0.000
0.788
0.000
0.000
7.963
1.318
0.000
1.624
0.000
0.000
3.359
0.000
0.000
0.000
0.000
0.000
0.000
0.079
0.000
0.021
0.201
0.550
0.106
0.105
0.000
1.677
0.000
10.620
0.000
0.000
0.000
0.113
3.915
0.000
0.000
0.000
0.006
0.208
48.190
0.000
17403482.000
0.001
0.000
1.775
0.000
0.042
0.000
0.000
0.658
18.039
0.000
0.000
0.000
0.000
0.000
0.000
0.000
0.000
0.000
0.108
0.000
0.000
2.951
1.329
9.554
0.000
0.000
9.409
0.000
0.000
0.000
0.000
0.000
0.000
0.000
0.000
0.000
0.000
0.040
0.000
0.000
162.378
0.348
0.000
0.000
0.033
0.157
0.000
0.000
0.000
0.000
0.000
0.253
0.000
0.000
45.548
2.001
0.000
0.000
0.000
0.000
0.000
0.385
0.489
0.742
4.472
0.000
0.000
0.000
0.095
0.000
0.078
0.105
0.047
0.000
0.000
0.540
0.546
0.000
0.000
0.000
27.188
0.015
0.477
0.017
0.000
0.000
0.247
0.005
0.000
0.000
36.499
0.515
0.000
0.000
0.000
0.000
0.000
0.172
0.000
0.000
0.000
0.000
0.000
0.000
1.179
33.107
0.000
0.000
0.000
0.000
0.049
0.000
0.979
0.000
0.000
0.053
0.000
0.000
0.019
0.000
4.662
0.000
3.969
0.000
11.702
0.000
0.000
0.003
0.778
10.409
2.474
7.066
0.000
0.000
0.425
0.000
2.270
0.000
0.000
0.000
0.000
0.002
0.000
0.004
0.000
0.000
0.000
0.000
0.000
0.000
72.739
0.000
0.026
0.117
0.081
0.000
0.000
0.000
0.000
0.132
26.091
0.779
0.594
0.000
8.574
0.000
3.495
0.000
0.000
91.964
0.000
0.004
0.023
0.000
0.000
0.000
4.884
0.444
45.296
0.024
0.000
0.116
0.000
0.000
0.000
0.000
0.397
1.589
0.000
2692724.500
0.072
0.000
0.000
0.166
0.494
9.050
0.019
0.084
0.050
0.000
0.000
0.000
0.198
0.767
9.169
0.000
0.000
0.025
0.000
0.000
0.000
0.000
4.076
0.000
87282.836
10.177
43.194
0.000
0.034
0.000
1.573
0.000
0.000
11.436
0.025
0.753
0.000
0.445
0.000
0.000
0.000
1.127
0.220
1.096
0.000
0.525
8.078
0.000
0.000
0.000
0.000
0.000
0.000
0.000
0.113
0.306
0.000
0.000
0.048
35.095
0.000
0.000
0.039
0.000
0.000
0.000
0.000
0.000
0.152
6.502
0.000
9.023
0.000
0.078
0.007
0.141
0.318
0.000
0.000
0.000
1.190
0.357
9.794
18.752
0.186
0.000
0.000
0.005
0.555
0.000
0.000
0.085
0.000
0.000
0.516
1.817
0.000
0.000
0.000
50.496
0.060
0.378
0.000
1.888
0.000
0.000
0.000
0.000
21.000
16.375
0.232
9.683
0.000
0.000
20.084
0.000
0.000
0.009
0.070
0.000
3.169
0.000
12.851
51.679
0.000
0.303
0.002
0.000
4.078
0.000
11.476
0.000
17.310
0.000
0.000
194381.828
0.000
0.000
0.056
0.000
0.000
0.000
1.460
0.000
0.000
0.005
0.000
0.000
0.000
0.046
0.000
0.000
0.000
0.000
0.000
20.854
0.000
0.000
0.086
0.047
0.625
0.000
0.000
0.000
0.000
0.000
0.000
0.000
0.000
0.027
6.243
0.755
0.000
0.024
0.000
0.000
0.000
0.000
0.019
17.697
0.128
90.439
0.234
0.040
0.000
0.000
0.000
16.875
0.125
10.146
10.549
18.655
0.000
0.000
0.000
0.218
9.886
48.553
0.780
0.000
4355379.000
0.000
3.180
0.000
0.000
0.824
1.572
0.135
18.066
1.234
0.000
39.288
5.495
0.000
0.000
0.010
0.000
0.000
0.160
0.003
59.118
0.000
0.398
0.666
0.000
9.653
0.515
0.000
0.000
0.000
0.000
0.000
0.000
0.000
0.041
0.000
0.000
0.000
0.000
0.454
0.000
0.000
0.000
0.019
0.719
0.929
0.205
0.000
0.017
0.246
0.074
0.000
0.000
0.000
0.000
0.000
0.009
1.024
0.000
0.101
0.000
9.700
16.623
0.000
0.058
0.000
0.286
0.000
0.152
0.000
0.000
3.880
0.000
1.334
0.816
0.053
0.000
1.346
0.000
0.000
0.000
0.493
27.660
0.000
6.854
0.000
0.000
0.000
0.000
0.000
0.000
4150625.500
1.190
0.223
0.000
0.000
0.278
2.493
0.000
0.000
1.744
3.509
0.000
0.000
0.000
0.284
0.000
0.000
28.503
0.000
8.987
1.571
0.000
0.000
0.032
11.121
0.770
0.000
0.000
0.102
0.000
1.996
24.343
0.000
3.577
0.000
0.000
0.000
0.000
0.003
0.000
0.000
0.000
0.000
0.000
0.000
2030126.875
1.426
0.238
36.273
0.000
0.000
0.369
0.420
0.040
0.765
29.404
0.000
0.000
0.000
0.000
0.000
0.000
0.075
0.000
2.291
0.000
0.000
0.000
0.000
0.000
0.000
0.000
0.068
0.538
0.000
0.000
0.000
0.000
0.000
0.175
0.000
0.000
0.000
0.000
0.000
0.200
0.000
48.650
1.750
4.047
10.303
0.000
2.018
0.000
0.000
3.104
9.322
0.000
0.000
0.000
8.989
0.000
0.000
236.882
0.000
1.663
0.000
0.191
0.000
0.000
0.000
0.000
0.551
0.000
0.000
0.000
0.000
0.000
0.317
0.000
0.628
0.000
0.000
6.270
11.212
0.000
0.000
0.000
0.157
0.032
0.000
0.000
0.000
61.938
0.159
0.000
0.000
0.000
0.028
2.932
0.000
0.247
0.000
0.000
0.000
12.242
8.088
0.000
0.000
3.631
0.887
0.000
2.744
0.000
0.000
18.352
0.000
0.000
0.000
118.089
0.000
0.000
0.172
1.073
0.060
0.648
3.616
0.000
22.887
19.511
0.000
0.095
0.000
0.004
0.000
0.000
0.075
0.000
0.000
0.000
0.000
0.000
0.000
0.000
0.143
0.298
0.000
6.711
10.462
0.000
0.147
29.178
0.000
0.000
0.000
0.000
0.000
0.000
0.000
0.195
0.010
0.054
1.330
0.000
0.000
0.166
0.000
0.000
0.000
17.713
0.327
0.882
0.000
0.000
0.031
0.000
6.808
0.000
4.627
50.356
14.244
0.007
3.290
0.000
0.000
0.000
0.000
0.000
0.046
5.434
0.000
1.098
0.000
0.000
0.000
0.000
25.974
0.000
6.835
0.126
48.558
0.000
0.000
0.229
0.066
0.000
0.000
0.000
0.000
0.000
0.326
0.270
0.000
0.000
0.000
0.660
0.000
0.000
1.934
448.339
0.646
0.000
0.000
0.000
0.000
0.000
0.000
9.178
0.000
0.000
0.000
0.192
5.395
0.050
0.000
0.000
5.272
0.000
0.049
0.000
355101.438
0.000
0.888
0.000
0.000
8.965
0.000
0.000
32.575
0.000
0.000
0.515
0.644
0.000
0.000
10.494
0.000
0.000
0.000
0.000
3.498
3.176
0.000
0.561
0.000
0.000
0.000
0.000
0.000
2.112
0.000
0.026
0.000
0.066
0.000
0.000
0.000
26.874
0.000
0.000
14.559
0.000
1.625
0.000
27.416
0.000
0.000
0.000
0.488
0.000
10.115
0.000
51.852
0.004
0.000
0.000
0.000
47.952
0.000
1.007
0.000
0.063
0.000
0.421
0.385
0.000
2.091
61.480
0.000
0.097
0.000
0.000
0.000
0.103
0.459
0.143
0.000
4.208
18.295
0.000
0.000
0.000
0.000
0.000
0.000
0.000
0.000
12.145
0.000
0.000
0.342
31.596
0.000
0.000
0.000
6.153
0.150
0.000
0.000
0.025
0.000
0.000
0.000
0.000
0.000
0.000
0.000
0.000
0.117
0.000
9.161
0.000
0.000
0.028
0.000
0.000
0.000
0.060
0.000
0.589
0.017
0.000
0.000
0.000
0.000
0.000
0.000
0.772
0.000
0.000
15.910
2.605
0.000
0.000
0.549
0.000
0.000
0.000
57.989
0.000
0.000
0.000
0.000
0.000
0.000
3.075
0.004
0.000
0.000
13.120
0.000
9.345
0.000
0.000
0.000
0.652
0.000
3.007
0.281
0.000
21373.582
8.401
1.261
0.000
40.825
0.000
0.000
0.000
0.137
0.012
0.000
11.484
0.000
1.062
0.000
6.369
2.908
0.303
0.000
1.286
0.000
0.000
1.385
0.000
0.000
0.000
2.289
0.826
3.682
21.713
0.000
0.000
0.000
0.000
0.030
0.000
3.776
10.117
0.030
0.000
0.240
0.000
0.064
0.000
0.385
0.000
0.000
0.000
0.000
12.920
0.000
0.000
0.000
0.000
0.055
15.075
0.484
0.000
0.200
0.231
33.034
0.000
0.000
0.000
5.262
0.000
0.000
0.128
0.000
1.319
9.465
0.000
0.000
0.000
0.000
0.000
19.701
73.846
0.000
0.000
0.012
0.000
0.000
0.720
3.336
0.000
0.037
0.000
0.895
0.000
0.000
33.093
0.000
0.000
15.856
0.103
27.261
0.000
0.000
0.000
9.588
0.000
12.470
0.000
0.000
14.735
0.000
0.000
0.071
0.911
0.002
0.000
47.516
0.000
0.000
0.000
0.000
0.061
0.000
0.214
0.000
0.000
0.000
0.189
0.772
0.287
1.325
15.144
0.000
0.000
0.000
2.115
0.000
0.000
0.006
0.000
0.000
0.000
0.000
0.000
0.000
0.000
0.000
0.000
0.000
0.000
0.000
0.000
0.000
0.018
0.000
1.360
3.753
0.039
0.000
0.000
0.000
0.000
0.000
0.000
0.000
0.000
0.025
0.000
0.000
0.000
0.042
0.000
0.077
0.000
0.512
0.000
0.000
0.566
0.000
0.000
0.000
0.000
0.000
0.000
0.000
0.000
0.236
0.000
0.068
0.000
71.505
55.223
14.324
0.000
0.000
0.000
0.274
0.000
0.000
0.073
1.194
0.000
1.221
0.000
0.000
0.220
0.000
0.000
0.000
0.000
0.000
0.000
0.000
0.000
0.305
6.640
0.000
0.000
0.000
0.000
9.051
0.000
21.151
7.546
0.903
0.000
232.838
10.093
0.000
0.000
0.000
0.485
10.814
0.000
0.000
0.000
19.056
0.000
0.000
0.000
1.771
0.000
0.000
8.802
0.000
4.459
0.000
0.000
0.077
0.278
0.000
0.671
0.000
0.000
0.000
0.000
0.214
0.050
47.201
0.639
9.032
0.000
3.551
32.624
0.000
0.000
6.785
0.163
0.000
1.421
0.112
0.041
0.000
0.000
0.071
0.008
0.000
0.000
0.075
69.875
0.000
0.714
0.000
0.000
0.000
0.000
245.434
0.299
0.000
0.000
0.000
0.000
0.246
0.000
0.136
0.043
0.493
8.690
0.000
0.454
0.000
0.000
0.000
18.190
0.000
0.166
3.118
0.000
0.000
0.000
0.000
5.939
15.669
37.768
0.000
0.000
0.000
0.000
8.997
0.453
0.000
38.553
0.000
0.000
0.540
0.000
0.187
1.164
0.531
0.000
0.210
0.000
1.997
0.000
0.000
0.000
0.000
4.825
0.859
2.168
0.000
0.000
0.099
4.584
0.323
0.000
4.283
0.000
0.000
0.000
0.246
3.810
0.001
0.000
1.936
0.286
0.842
3613066.500
0.000
0.000
2.842
0.000
0.000
0.000
0.259
28.075
0.000
7.814
8.994
0.033
0.000
1.917
0.000
88.928
0.000
0.000
0.000
0.000
0.000
0.242
1.053
0.000
0.000
0.000
9.603
0.000
0.027
0.000
2.423
0.000
51.902
10.756
0.000
0.496
0.000
14.738
0.043
0.000
0.000
0.000
0.125
0.000
0.000
0.000
0.000
6.565
0.000
0.000
0.084
0.000
0.000
78.273
0.000
0.000
50.920
0.000
0.000
0.111
5.564
0.000
0.000
0.336
1.267
1.085
0.252
0.000
0.041
0.000
16.134
0.000
0.017
0.102
0.000
0.000
0.276
0.000
0.000
0.000
0.000
0.000
0.000
0.003
0.960
0.000
0.000
0.000
0.000
0.681
0.000
1.371
0.000
0.160
0.000
0.000
0.232
2.664
2.666
112.898
0.058
0.000
0.892
0.000
5.731
0.000
0.000
0.045
0.000
0.168
0.000
0.002
129.538
0.000
0.297
0.000
0.005
0.000
0.000
0.000
3.787
10.746
2.786
0.000
1.896
43.269
15.565
0.378
0.000
0.000
12.635
0.000
0.000
0.000
0.000
0.026
0.000
0.000
0.000
0.000
0.000
451344.344
0.000
0.000
2.567
0.000
0.000
0.000
0.123
0.000
0.000
1.111
1.098
0.000
14.481
0.000
3.200
0.000
4.043
2.972
15.729
0.000
0.002
0.000
0.265
0.000
0.000
0.000
23.596
0.000
0.181
0.000
11.503
0.520
4.764
0.000
0.000
0.000
0.254
0.093
11.207
0.000
18.703
19745286.000
0.000
0.029
0.096
0.000
14.136
0.000
1.448
0.105
0.182
3.331
0.233
0.230
0.090
14.725
0.000
0.080
0.379
53.201
0.000
41.633
0.000
0.000
5.321
1.603
0.000
53.292
0.439
0.000
0.154
0.000
0.000
0.252
1.200
0.000
84.687
0.000
0.000
0.000
5.763
0.000
12.523
0.000
0.000
0.000
5.202
0.000
0.000
0.000
0.000
49.102
0.000
0.679
0.000
14.585
13.964
1.064
0.000
0.074
0.000
0.000
0.029
0.000
0.221
0.000
0.000
0.000
0.000
0.088
0.001
0.000
0.000
0.000
0.000
0.000
0.034
0.000
14.373
0.282
0.000
4.589
0.000
0.008
0.000
0.025
0.000
0.000
0.373
0.000
0.134
0.515
0.000
14.529
0.418
0.000
3.223
0.034
0.564
0.066
9.944
3.952
0.000
23.911
0.000
0.318
0.000
32.772
0.000
0.000
0.491
1.832
0.157
0.058
47.368
0.000
0.000
0.000
0.152
1.334
0.000
0.000
0.000
0.000
0.021
0.000
0.000
4.593
0.000
0.000
2.319
37.685
34.614
0.000
0.000
0.000
0.000
0.075
0.032
0.367
0.370
0.000
0.000
0.007
0.000
1.235
1.203
0.000
0.000
0.000
0.000
0.004
48.161
0.000
0.000
0.000
2.269
0.222
18.176
30.027
0.000
0.272
34.327
0.000
0.721
0.000
0.110
162.360
148.281
0.000
0.000
1.949
0.013
0.000
0.254
0.053
0.273
0.402
0.000
2.751
3.025
13.349
0.000
0.455
0.000
9.251
0.001
0.008
9728308.000
21.724
0.000
0.000
0.581
0.000
0.000
1.150
0.000
0.000
0.025
0.000
0.673
0.462
24.093
0.000
0.862
0.022
0.154
0.000
0.000
100.988
0.000
0.328
0.000
0.000
0.000
0.201
4.883
0.246
0.152
0.324
0.000
0.000
2.991
0.244
0.516
0.000
0.015
0.025
84.989
0.000
0.000
0.112
0.000
0.000
0.000
0.000
0.009
0.094
2.179
1.215
22.000
0.000
0.415
19.046
0.009
77.842
0.000
1.239
3.395
0.000
1.227
0.115
0.000
9.073
0.866
1.767
0.000
3.326
4.405
0.546
9.855
0.000
0.025
0.000
0.000
0.967
0.000
0.000
0.000
0.292
0.000
0.000
0.000
1.379
0.009
0.108
0.000
7.286
0.000
0.327
0.000
0.000
11.040
0.530
52.196
0.000
0.005
0.082
0.000
9.311
0.000
82.022
0.000
0.000
1.487
2.964
10.374
0.363
0.521
0.134
2021472.500
0.000
1.460
16.374
0.000
0.000
0.000
0.059
0.000
0.169
9.191
0.000
48.670
7.295
0.102
16.737
8.437
0.125
0.000
0.300
0.000
21.045
0.789
0.848
0.400
0.050
1.004
10.820
0.016
9.266
0.020
0.000
0.000
0.000
0.000
278.381
1.799
0.000
37.085
0.073
0.000
0.000
0.000
0.000
0.037
0.000
0.000
0.000
1338814.625
0.000
0.000
9.016
0.763
1.756
0.000
1.645
0.000
0.000
0.000
0.009
0.000
0.000
3.410
12483809.000
2.538
0.000
0.002
3.073
0.000
0.000
4.986
0.000
5010674.500
16.684
0.002
0.000
0.000
0.000
0.067
0.000
0.000
0.278
97.458
0.132
0.000
0.223
0.109
0.000
0.123
0.121
0.000
0.000
0.005
0.060
4207315.000
0.483
1.859
2.557
0.000
0.062
0.000
0.268
0.087
60.147
0.000
0.000
0.000
6.260
0.000
1.375
23.547
0.000
0.000
0.000
0.000
0.000
0.012
1.458
0.000
0.000
0.000
0.000
0.000
0.000
6.934
0.000
0.000
0.000
0.000
0.406
0.000
0.000
0.030
0.781
0.000
0.000
0.000
0.000
3.928
0.000
2.623
0.232
0.051
0.000
1.537
6.114
0.969
0.000
0.000
0.386
0.000
0.000
0.000
0.112
0.107
0.037
0.173
0.819
0.049
0.000
0.000
53.024
26.319
0.000
0.000
0.000
321.111
0.683
0.000
0.351
0.103
0.000
0.000
11.046
0.000
19.524
18.215
0.000
0.026
0.659
24.892
8367716.000
0.000
0.131
0.000
2.942
0.255
0.422
1.073
0.024
4.015
0.000
0.000
0.266
5.025
0.000
0.000
90.085
0.565
3.259
0.000
1.048
0.434
17.215
2.478
0.000
23.223
0.372
0.000
0.000
0.028
0.195
0.506
0.105
0.168
0.000
0.131
0.930
0.000
5.644
0.104
8.962
0.277
13.313
0.000
0.000
0.000
0.000
0.142
1.049
27.533
6.660
0.000
0.263
0.000
0.000
0.000
2.328
0.000
0.000
2.565
0.000
0.000
0.000
0.000
10.905
0.000
0.000
0.000
0.000
0.000
0.000
6.451
0.000
0.000
0.018
0.160
0.048
6.116
0.557
66.739
0.821
0.017
0.047
0.000
3.816
0.000
5.807
8.722
0.000
9.321
0.000
200.858
0.169
31.315
4421841.000
1.377
1.664
0.000
0.000
0.000
0.000
38.368
0.000
626735.250
0.053
0.378
0.736
1.327
24.744
0.000
0.000
0.497
2.325
0.000
0.000
0.009
0.000
0.282
0.000
0.000
0.000
0.000
0.892
1117378.625
2.058
0.000
0.000
0.000
0.001
0.000
42.623
0.000
311.264
1.170
0.142
4.476
1.111
6.145
1.592
2.830
0.110
0.005
0.019
0.000
0.000
0.289
0.011
0.000
0.580
0.000
0.000
706881.062
0.537
0.000
2.341
0.072
0.000
12872856.000
0.000
0.812
0.000
0.045
0.525
1.190
0.044
0.000
24.787
1.675
0.000
0.000
39.380
1671045.875
0.012
0.257
0.000
8.335
2.760
1.251
0.199
0.000
0.000
2.516
3.023
0.000
0.000
0.000
0.650
0.146
0.000
0.000
0.473
0.000
450314.438
0.000
0.045
7.341
3.081
614.294
0.043
40.304
0.000
0.215
0.000
58.970
0.000
0.000
0.000
11.929
0.000
38.723
0.000
0.010
0.000
0.000
19.607
0.000
1.225
0.000
0.006
0.046
0.009
0.000
0.000
0.000
2.696
2.195
25.278
0.000
0.170
5.678
0.000
32.077
16.994
3.269
0.000
0.241
0.000
5.015
1.869
0.000
0.000
0.266
0.124
0.049
16.737
0.000
0.114
0.000
0.000
0.392
0.004
5.345
0.000
0.000
0.269
0.000
0.000
0.099
0.000
0.000
0.000
0.000
1.065
0.000
31.645
0.190
0.000
115.914
0.000
0.021
97.777
8.690
6.326
0.179
0.000
1.998
6.977
0.000
0.000
0.000
1.858
13.990
15.119
0.000
0.000
0.000
0.044
1.735
11.498
0.214
18.714
0.011
9.792
2917052.750
0.000
0.000
0.000
0.000
0.000
0.818
0.000
0.848
0.000
0.112
0.000
0.000
0.000
0.012
0.172
0.000
0.996
0.000
0.415
0.188
0.007
0.000
0.000
57.716
0.000
0.214
21653464.000
0.052
0.087
0.000
2.469
3.532
7.234
0.000
0.000
0.000
11.591
0.000
0.000
0.000
0.000
0.000
0.000
0.288
0.110
0.068
0.000
0.000
0.000
0.000
0.000
0.168
0.000
3002.546
0.004
0.000
0.000
0.000
0.375
1160919.875
0.000
0.082
0.197
7149419.500
0.098
0.104
0.000
0.000
0.000
0.819
40.997
18.185
0.000
0.000
67.465
0.054
0.191
2.082
0.000
0.311
2.537
0.632
0.183
4.403
28.661
0.993
4.292
0.000
0.297
3.149
0.013
22.718
0.101
16241863.000
11.939
0.013
0.384
0.000
18.375
87.798
56.162
0.000
5.426
0.080
11.957
25.172
0.469
0.000
0.000
0.000
0.232
47.394
0.000
0.000
0.000
0.000
0.000
0.191
0.157
12.625
318630.844
7.324
18.392
2.912
101.182
0.000
0.000
0.000
0.032
1.098
3.936
65.781
0.000
0.577
0.000
7.483
0.008
70.156
0.000
0.227
0.006
0.471
0.000
16.955
44.219
80.437
6.073
12.293
0.873
0.950
0.000
0.000
0.051
0.000
0.000
0.090
60.592
0.000
0.000
0.000
0.017
0.242
24.087
17.611
0.000
2.665
0.006
0.104
0.000
0.054
0.058
0.350
1.926
0.000
12.812
0.000
3.362
1.913
0.000
0.073
0.085
0.000
12.013
17570650.000
0.000
0.000
0.455
0.000
16.617
0.000
0.000
0.559
0.000
1.586
0.193
4.308
0.000
0.013
0.702
0.000
8.402
2.913
0.002
0.000
0.000
0.000
0.000
0.082
0.000
5.029
0.000
13.709
0.724
0.000
18.245
0.000
0.000
0.048
0.039
87.945
0.000
0.316
0.000
0.000
0.000
0.865
0.000
0.000
0.317
8.907
0.000
0.000
0.000
0.000
1.314
0.000
0.346
0.048
0.000
40.588
0.000
3.021
0.000
0.000
0.034
0.863
0.005
0.000
0.000
1.651
1.667
0.000
1.192
22.428
0.000
0.000
0.000
0.000
0.000
0.072
0.000
0.698
0.000
0.157
0.341
0.154
15.737
0.000
0.361
0.143
2.350
3.735
3.502
0.822
0.000
0.393
0.214
16.577
0.229
14.001
0.707
0.020
0.000
0.000
0.152
0.000
31.121
5.217
0.000
1.442
0.000
0.000
0.000
4.315
0.000
2.273
2.032
0.000
0.165
0.272
9.710
7.257
9.643
10.019
0.037
2.963
0.000
0.000
0.301
0.000
0.000
10.619
5.229
0.012
0.000
0.000
47.742
2.276
0.314
0.452
0.000
0.015
0.926
24.143
1.336
0.000
0.000
26.225
0.076
0.076
0.002
5.398
6.695
6.556
0.163
0.089
0.000
10.405
37.801
0.000
0.787
0.000
102.498
7.689
0.000
10.703
0.000
1.371
0.000
23.139
0.000
0.000
0.000
0.447
0.210
0.000
11.087
28.694
4.564
0.346
0.000
0.000
25.811
0.109
0.029
0.000
10.504
0.461
0.000
0.000
0.286
0.000
0.000
6.708
133.614
1.387
0.000
0.000
0.000
17.593
4.055
0.000
0.344
0.053
0.000
2.457
0.000
2.385
112.902
0.364
0.000
0.080
0.000
1.176
7.675
0.417
0.000
1.373
0.113
5.072
4.110
0.025
0.000
0.147
0.315
0.388
0.000
0.000
0.000
125.790
0.000
0.090
0.000
0.541
0.322
3.644
0.000
0.000
0.000
0.000
0.000
0.996
0.398
0.000
0.000
0.000
0.408
12.641
0.894
49.095
0.000
0.134
0.313
1.423
43.068
0.015
5881.083
9.127
0.000
0.000
0.000
0.000
19.677
0.000
41.643
16.722
0.229
0.220
11.075
8.168
1.245
0.108
0.176
8.276
6.829
0.000
0.279
0.074
6.877
0.000
0.249
3.361
1.167
144.357
0.000
7.986
0.000
0.000
0.039
0.005
0.515
0.000
0.000
0.000
0.042
5.314
2.956
0.112
4.091
0.707
0.000
0.000
0.211
0.095
0.050
1.261
0.000
0.138
0.086
0.000
3.854
0.579
0.000
17.038
0.000
0.485
0.000
0.000
0.000
0.015
1.550
0.270
1.943
15.169
0.000
0.000
0.000
0.000
0.000
0.979
8.995
24.232
0.225
0.281
0.075
0.000
0.055
0.000
75.322
0.373
0.365
9.908
0.000
15.460
0.312
0.000
0.009
0.000
0.090
0.002
28.682
0.076
7.532
0.000
1.179
3.243
0.000
0.000
0.000
0.000
0.007
0.097
743735.375
24.612
0.000
1.977
0.000
22.795
0.000
0.895
1.646
0.311
0.115
0.000
0.000
0.000
0.000
0.000
0.202
0.035
0.000
9.230
0.091
0.135
0.000
181.988
7.358
0.624
13.374
5.213
0.000
0.000
80.295
0.000
0.170
0.000
0.041
0.022
0.294
0.183
3.331
0.063
0.000
5.368
0.413
0.760
0.957
0.000
0.967
2.358
1.096
0.000
0.006
0.352
11.041
0.000
0.127
10.036
6532794.000
0.000
0.000
11.125
0.000
0.000
0.000
2.856
0.000
0.000
19.569
303.905
0.000
0.000
0.000
0.580
9.954
56.066
18.592
0.000
14.163
2.959
0.000
2.236
74.496
16.695
0.000
14.217
0.000
0.248
0.001
2.238
0.000
8.315
0.000
0.000
0.000
0.000
0.000
0.000
1.676
1.456
0.539
0.000
0.000
10.215
49.028
0.642
0.000
0.000
0.000
0.041
8.962
0.475
24647232.000
0.000
5.596
0.000
2.629
0.000
4.712
0.000
0.197
0.000
123.677
0.667
0.748
0.265
0.303
0.000
16.894
0.542
0.168
0.607
0.000
0.090
8.717
0.000
59.072
3.719
0.138
1.378
6.786
0.000
0.000
0.207
8.462
0.062
19.354
0.427
90.100
0.373
10294228.000
0.000
0.000
0.000
18.165
0.000
0.717
0.017
0.000
0.000
0.131
6.522
1.494
0.205
7.234
0.894
115.348
9.163
0.023
0.000
0.000
7.331
0.189
1.634
0.240
12.423
0.000
0.000
1.161
0.000
0.000
0.000
41.027
0.000
0.000
0.000
0.938
0.014
0.000
27.330
0.021
34.721
0.000
0.000
0.002
0.000
0.337
0.000
0.000
0.000
1.279
0.000
0.000
0.000
0.116
2.227
0.000
0.000
0.911
3.087
0.000
0.000
0.699
0.119
0.000
4.450
16.010
0.247
0.000
0.010
0.000
7.159
9.072
83.140
0.000
8.732
23.830
0.000
0.000
0.000
0.000
2.908
4.055
0.760
0.000
0.000
5653678.000
0.000
0.045
0.000
0.002
0.006
0.000
0.000
0.657
1.141
12.943
0.067
9.075
0.000
2.092
0.044
106.460
0.000
0.000
0.173
0.000
0.000
19.802
0.179
2.243
0.000
0.000
35.176
2.565
0.805
0.000
0.000
5.309
0.000
0.000
9.747
0.000
0.027
0.689
25.518
0.031
0.000
20.820
1.509
33.944
0.210
0.297
0.132
0.035
0.000
0.000
107.327
0.000
0.000
7.514
0.000
0.038
0.000
4.798
6.906
68.041
0.000
0.000
0.376
0.000
0.012
0.000
0.000
0.000
9.367
0.031
0.000
0.000
0.480
0.000
0.000
27.966
0.000
2.786
35.416
0.317
0.000
3.877
0.062
0.000
5.687
9.085
0.000
0.000
0.095
13.602
14.452
0.025
6.989
0.000
0.000
0.000
0.729
0.000
0.000
0.590
12.220
44.273
0.000
0.148
29.242
0.000
0.093
9.755
2.050
0.002
0.000
5.417
0.000
0.000
0.000
0.343
0.550
0.000
0.000
0.215
0.881
0.000
0.000
12.377
0.106
0.000
0.000
0.000
0.000
0.000
8.537
0.000
0.103
18.461
7.944
2.118
1.211
0.000
0.000
0.000
0.000
0.000
0.006
0.000
4.427
0.181
64.095
0.000
0.416
0.000
0.108
0.000
0.034
9.018
0.017
0.000
0.000
0.721
1.983
0.272
0.526
0.541
9.653
0.000
0.000
0.131
0.000
0.820
0.000
4.522
3.668
3.495
0.000
0.000
0.028
0.640
0.520
0.000
0.032
0.000
0.264
0.000
0.000
0.000
0.042
0.156
1.222
0.515
0.016
1.182
0.000
11.601
5.346
0.167
0.000
3.482
0.064
0.000
0.000
0.000
3.292
0.027
2.139
0.000
23.004
4.262
0.000
0.000
0.184
0.000
0.121
38.478
0.000
1.646
5.539
5.324
0.000
0.000
0.123
0.652
0.453
0.031
0.000
0.013
0.000
4.112
0.958
0.000
0.000
0.001
9.255
26.083
0.000
0.346
0.000
0.387
0.000
13.578
0.000
53.786
1.608
0.000
0.000
14.833
0.014
30.533
0.425
1.671
0.000
0.026
0.024
28.229
0.000
394.619
4.522
7.201
20340062.000
2.430
0.457
0.416
0.000
0.000
0.000
0.000
0.023
8.057
0.000
0.000
2.397
0.000
0.095
0.268
322973.656
35.474
0.068
20.622
0.000
1.623
0.000
0.049
0.000
4.355
0.114
0.601
6.908
0.261
0.536
0.000
93.395
0.003
0.002
0.000
6.403
0.000
0.000
0.499
0.696
0.009
28.508
0.000
0.045
0.618
0.548
23.896
0.170
0.035
3.299
4.992
0.000
0.310
0.000
0.701
9.163
0.047
0.171
24.917
0.000
2.024
10.256
59.426
3344484.000
0.770
0.170
0.451
0.229
0.000
2.544
161.118
0.056
2.753
0.645
0.000
61.538
90.251
1.409
0.000
0.000
7.319
0.000
0.000
0.000
0.000
13.346
9.170
0.000
18.346
8.999
0.000
40.263
0.222
9.486
0.178
0.000
0.054
14.112
6.308
0.000
0.106
0.224
0.482
0.537
1.651
0.427
0.000
0.006
0.002
2.912
2.207
0.125
0.000
0.000
0.015
12.276
0.000
0.017
0.000
6.419
2.835
0.000
0.000
0.000
0.303
15.496
201.253
30.066
0.000
0.000
0.000
0.119
22.319
0.296
0.000
13.090
0.038
0.000
0.256
0.000
29.828
2.111
0.000
6.589
0.000
0.000
0.000
0.000
0.000
0.013
0.130
0.109
0.000
0.000
0.000
0.000
91.335
1.735
0.000
12.339
0.000
0.057
1.662
0.030
18.752
0.000
0.101
0.227
2.274
0.000
33815448.000
0.101
37.516
0.000
0.512
0.000
0.000
0.000
0.000
6.222
13.191
0.000
0.604
0.063
1.158
0.000
0.000
9.344
0.000
18.084
0.270
0.555
22.309
0.163
0.163
0.108
0.000
0.344
0.000
0.211
0.228
0.839
0.000
20.481
9.149
0.342
8.634
0.551
0.000
0.000
25.614
0.861
0.000
0.000
0.033
0.000
14.796
0.000
0.071
2.528
0.000
0.000
0.000
0.306
0.000
1.560
0.670
0.000
0.000
0.000
0.000
0.000
0.007
0.115
0.000
0.000
0.006
0.096
7.557
0.275
9.925
0.008
0.221
0.265
1.922
0.000
5.675
0.264
0.688
0.000
0.000
0.000
9.043
0.000
1.277
0.000
8.742
4.045
0.007
0.694
17.983
9.166
0.055
4.524
0.139
56.084
0.550
0.151
0.000
0.084
4.997
3.791
0.000
0.228
184.482
0.000
87.767
0.000
0.000
2961344.500
0.000
10.521
0.000
22.127
0.381
5.625
0.000
0.000
0.155
0.007
0.000
0.037
0.589
0.006
0.184
0.045
13.352
0.000
25.578
0.000
0.000
0.000
0.000
0.041
0.000
9.016
0.298
0.000
9.236
1.246
0.058
0.000
6.619
42.307
9.364
0.227
0.029
0.021
0.319
10.187
24.522
0.000
7.182
0.000
0.220
0.226
5.106
3.369
1.488
0.000
0.000
0.004
0.372
32.047
0.000
9.154
0.000
0.000
0.353
0.631
1.820
2.868
0.000
0.246
0.000
0.056
0.244
0.036
11.765
0.000
0.091
0.286
2.227
0.115
0.000
0.000
8.607
1.768
24.373
13.004
0.000
7.393
0.015
3.527
0.000
19.650
0.000
0.000
14.917
0.000
0.000
13.377
15.042
0.122
1.493
0.255
2.232
0.000
21.850
0.032
0.000
0.433
0.657
42.271
1.542
0.000
0.000
0.000
73.864
0.244
0.000
0.000
0.077
0.553
0.000
0.000
0.093
0.000
3.375
0.000
0.165
0.044
76.514
0.000
0.090
0.000
0.340
1.049
1.002
0.000
0.010
24.484
0.000
1.239
14.514
0.140
0.062
0.000
0.376
0.000
0.541
8.030
10.431
0.000
0.050
0.000
0.000
4.494
92.500
0.125
0.000
0.738
4.789
9.694
16.179
0.014
0.000
1.652
1.736
0.244
0.000
0.328
0.000
9.194
34.772
0.000
0.000
0.000
0.159
42.007
0.000
0.000
0.000
0.000
2.272
0.466
0.853
0.000
0.102
14.147
0.528
0.000
0.000
0.000
0.000
0.151
0.050
0.312
5.101
0.000
0.000
0.000
0.000
20.463
5.363
0.052
0.548
44.550
0.078
0.000
0.000
0.000
0.000
0.000
9.714
0.000
0.681
0.459
0.000
0.231
0.000
0.162
8.714
0.000
0.117
0.000
0.000
0.000
0.156
4.754
0.419
0.000
0.000
0.397
0.000
0.000
0.373
0.215
0.199
0.000
0.000
0.128
0.633
0.000
13.383
0.000
0.000
2.936
0.000
9.456
1.950
0.000
0.000
1.808
26.536
0.182
0.000
0.000
1.078
0.015
0.000
0.000
2.846
4.284
0.000
0.971
5.419
0.000
0.000
10.362
0.373
0.000
0.041
0.204
0.000
0.000
0.788
1.281
0.000
4.775
3.763
0.000
1.311
8.694
49.929
66.883
9.347
5.916
2.659
0.000
0.000
0.635
1.302
0.000
0.000
6.224
3.655
0.542
0.000
11.065
0.000
0.493
0.464
57.338
0.000
0.358
0.000
22.401
0.000
13.247
0.000
0.029
0.000
0.318
22.195
232.644
0.000
105.465
2.797
0.192
0.000
0.000
0.464
1093305.625
0.129
9.742
13.415
13.599
7.413
0.000
1.765
13.163
0.065
0.125
0.000
2.991
0.000
5.991
0.000
0.000
0.000
0.175
1.157
106.268
0.000
0.038
0.963
0.000
0.652
70.063
32.797
0.074
0.622
1.106
0.086
1.482
30450936.000
0.000
1.189
0.001
5.951
0.000
0.000
0.215
1.066
0.000
0.359
0.163
0.000
1.741
4.061
0.002
0.000
0.000
10.359
0.000
0.000
1.749
0.000
0.341
0.207
8.089
0.207
0.050
19600964.000
0.000
0.002
0.000
0.000
7.007
0.045
0.000
21.351
0.000
1.237
1.091
0.007
0.000
0.000
0.160
0.000
0.162
142.081
0.000
0.000
7.345
0.037
48.645
0.313
0.000
0.000
0.027
0.000
0.837
35.925
1.118
0.000
11.730
0.000
0.584
0.000
6158200.500
0.574
20.093
0.000
0.122
9.685
0.000
0.000
9.326
0.002
0.000
0.000
61.237
0.593
0.048
9.166
1.201
0.000
0.000
0.310
7.375
944716.812
0.074
0.019
0.062
0.000
1.665
0.000
0.001
0.000
0.000
0.333
0.212
9.923
4.198
0.061
0.148
0.418
0.000
0.000
2.968
0.000
7920654.500
1.099
0.378
0.633
0.000
0.000
0.000
0.355
0.126
1.655
0.331
0.000
5.973
0.000
1.158
0.483
27.260
3.191
0.299
0.000
0.000
0.000
8.803
0.000
0.196
15.321
0.000
2.277
1.659
3.697
0.000
0.000
0.000
12.473
0.755
0.000
0.080
0.099
0.000
0.000
0.000
0.040
0.000
0.000
0.452
0.000
0.700
0.000
0.000
0.048
0.035
0.000
0.380
0.000
0.000
0.000
0.023
0.000
0.097
2.888
0.000
0.000
0.629
3.083
0.245
0.000
0.634
7.106
0.604
8.087
6.572
0.266
10.434
9.024
1.189
0.654
0.000
0.010
0.000
0.252
3753386.000
18.067
0.823
0.000
0.164
15.803
0.000
0.529
0.000
0.000
0.000
0.052
2.470
16.668
0.000
0.000
1.197
0.000
0.000
1.076
8.998
0.000
3.182
0.194
0.022
0.000
4.546
0.092
9.237
0.000
0.012
0.313
303.270
5.118
139.682
4.773
0.000
0.250
103.143
0.000
0.000
0.000
0.000
0.000
0.373
0.000
0.000
7.834
19.862
0.000
0.083
1.284
0.000
0.080
4.144
12.578
0.136
0.000
18.227
0.000
5.878
1.409
11.843
0.017
0.000
0.000
1.383
14.945
0.000
5.221
24.363
0.000
0.134
0.000
137.467
0.039
0.000
0.706
0.002
0.151
4.281
0.000
15.742
0.370
12.201
8.953
0.097
0.000
1.124
0.661
0.630
0.000
0.000
0.000
0.571
6.089
1.465
0.290
1.312
9.286
1.932
97.574
0.192
1.001
0.784
4.727
0.000
2234.690
0.016
0.019
30.143
0.000
0.772
0.068
0.003
0.000
14.794
0.000
1.173
1.516
0.071
0.498
0.765
21.054
2.411
3.948
0.089
0.012
0.000
3.276
0.000
0.173
17.723
13.189
0.000
0.571
1.897
0.000
5.905
0.000
26.497
10.756
9.719
0.077
0.000
1.766
2.023
9.969
0.000
0.079
0.000
0.443
1.515
0.000
0.257
0.000
0.000
45.788
0.000
13.441
0.991
11.972
3.490
0.000
0.255
0.000
2.507
5.082
0.823
12.862
90.835
2748.889
0.200
0.700
0.000
0.000
0.000
8.035
0.098
0.000
0.000
0.094
2.365
0.000
51.836
0.000
0.276
0.215
6.015
0.000
0.030
1.709
0.000
1.660
35.773
0.000
0.865
0.000
0.024
1.516
0.068
0.000
0.587
0.155
1.187
0.000
56.934
0.222
0.086
0.000
0.000
0.000
2.514
0.000
0.000
0.000
11.860
0.316
0.414
0.000
13.557
9698124.000
0.690
4.129
20.607
0.457
0.378
0.545
0.000
0.000
0.000
128.479
10.363
0.000
0.000
0.052
0.000
2.096
0.325
0.723
0.000
0.429
0.000
0.000
2.306
0.000
0.225
0.000
0.000
0.058
0.000
2.636
9.937
8.989
0.000
0.000
1.255
0.000
1.552
0.000
0.000
0.000
1.608
1.089
0.914
1.831
0.000
0.242
0.833
0.000
0.000
0.000
13510122.000
80.985
0.055
0.000
0.461
1.367
53.924
0.000
0.000
0.000
27.279
0.403
21.821
10.363
4.008
0.000
0.000
0.000
0.000
0.000
0.623
0.000
0.000
0.000
0.000
0.000
5.014
0.001
0.004
0.000
9.190
0.123
0.000
0.000
0.000
0.013
0.000
0.000
0.000
0.000
0.049
0.000
0.000
65.547
0.712
0.000
0.000
0.018
1.508
26.414
0.000
0.000
0.000
0.000
0.000
0.001
0.164
1.158
0.090
0.000
2.948
35.062
0.019
3.460
0.212
0.182
0.000
0.000
0.000
11.236
0.000
0.045
0.000
0.000
0.000
120.487
6.888
49.955
1.809
4.416
0.000
0.000
0.000
0.035
0.000
0.000
48.702
0.038
0.593
0.141
0.000
0.000
0.610
0.000
0.000
0.000
0.000
0.424
12.510
0.137
0.000
0.000
1.972
0.000
0.000
25.790
0.000
0.264
0.000
0.000
0.000
14.226
1.350
0.000
2.700
0.000
0.000
0.000
0.000
0.289
38.243
0.000
0.000
0.492
32.850
0.000
0.000
0.000
0.000
0.177
0.223
0.186
0.529
0.000
0.000
0.225
0.000
20.774
0.000
37.239
15.674
0.000
0.000
0.011
1.305
0.000
0.175
0.000
0.000
83.890
0.607
0.343
0.602
10.418
3.158
0.000
0.000
1.253
177.344
18.951
0.000
0.308
0.000
0.296
0.741
0.000
0.007
0.231
0.000
3.121
0.000
5.752
0.000
4.328
4.435
0.001
0.000
62.050
0.000
0.000
0.034
1.066
1.685
0.000
0.053
0.000
0.860
0.850
0.000
0.000
0.814
0.000
1.610
0.000
0.239
19.383
0.031
0.000
0.071
0.000
0.000
0.025
2.028
0.000
0.000
1.158
117.049
0.000
0.012
0.000
0.000
0.000
0.000
0.420
0.042
45.807
0.000
0.034
0.000
0.000
0.000
0.000
9.948
0.000
3.395
0.000
0.000
9.622
0.000
0.037
0.459
1.545
0.000
5.674
0.000
0.272
4.217
0.000
0.000
0.000
0.103
0.000
0.000
5.278
0.000
0.709
24.019
0.078
0.000
0.000
1.795
4.462
0.000
3.373
31.828
0.159
2.507
0.151
0.000
0.082
7.312
0.000
3.460
6.971
0.000
3.166
21.827
0.000
0.000
482.897
0.010
0.000
0.030
1.146
2.756
0.000
0.680
9.027
1.370
0.000
0.000
0.000
63.367
61.863
0.468
2.142
6.228
0.172
2.140
0.000
0.000
0.244
0.000
0.081
0.245
0.000
10.355
0.000
0.029
0.000
0.000
0.000
0.000
0.826
0.160
0.103
4.132
1.714
0.000
0.000
0.000
0.000
0.000
0.000
0.000
0.181
0.000
0.000
0.000
3.962
0.000
0.000
0.003
0.003
0.000
0.562
102.047
0.594
3.263
0.437
0.000
0.547
3.181
0.000
0.527
0.000
0.000
0.000
0.000
0.041
0.000
0.135
0.000
0.000
0.000
0.133
2.411
0.000
0.165
0.000
0.000
0.000
0.000
0.056
0.000
0.000
28.773
0.442
6.587
0.000
4.771
1.061
0.000
0.000
16.814
0.000
0.000
22.290
0.000
0.000
48.328
0.680
0.440
0.000
4.957
4.401
0.008
6.738
3.086
8.699
0.000
0.000
9.345
0.000
0.000
0.000
3.858
0.000
0.000
0.000
0.430
6.157
0.306
0.014
0.299
29.015
4.532
4.368
0.391
0.044
0.000
15.946
44.626
0.000
6.668
0.000
0.000
0.000
0.000
0.947
3.702
0.000
5.367
0.076
0.000
0.000
9.371
0.000
0.285
0.000
0.000
0.000
9.679
0.753
0.109
2.855
0.000
0.231
0.461
0.880
0.164
0.336
119.375
3.634
73.598
0.063
15.244
0.000
0.000
0.487
0.000
2.952
7.796
0.000
0.418
0.000
38.684
10.168
0.000
0.585
0.000
0.000
0.000
0.068
0.005
0.000
0.000
81.746
212.963
10.994
8.054
0.000
0.000
0.000
0.000
0.004
0.000
0.044
0.428
0.879
0.046
0.000
0.000
0.687
2.476
0.065
0.000
0.222
0.817
0.000
0.000
0.000
2.380
0.751
0.101
0.036
9.806
0.000
16.452
0.000
0.000
13.203
0.745
0.000
0.424
180.681
0.000
0.000
0.000
0.000
1.562
0.000
37.324
0.000
0.395
0.009
0.000
0.000
0.084
8.197
0.000
0.000
0.000
79.806
0.000
0.433
0.000
0.000
235.878
0.408
8.963
0.000
0.000
7.945
52.408
2.008
3.211
0.000
0.873
0.105
1.200
0.916
0.108
0.011
0.309
0.464
0.428
0.000
0.446
0.329
0.000
0.281
9.509
0.000
0.000
8.617
0.000
0.000
0.000
0.055
0.000
0.000
0.284
0.110
9.371
0.000
0.000
0.000
0.000
4.667
1.600
18.457
0.000
0.076
17.111
9.848
0.000
0.373
2.463
0.000
0.479
0.000
2.756
0.000
2.860
0.000
18.139
0.000
0.596
0.000
14.436
0.000
0.000
6.905
0.110
0.000
0.044
0.000
0.164
0.620
0.444
10.039
10.204
7780699.000
0.000
0.162
0.000
19.618
14.791
0.000
0.325
4.837
11.037
1.109
0.193
63.635
0.000
0.290
34.027
0.883
0.000
1.909
17.337
1.149
0.111
12.589
23.693
0.104
13.318
0.084
0.270
0.000
2.936
0.000
0.021
18.515
0.000
35.067
0.000
0.000
114.868
1.262
0.425
0.288
0.201
0.000
25.898
0.432
0.000
1.752
0.107
5.697
0.000
16.314
9.876
0.000
0.962
0.235
189.450
0.000
1.932
0.000
0.603
1.165
3.012
0.029
0.000
5.084
0.002
0.000
0.000
22.991
0.000
0.973
10.589
31.108
0.622
12.513
0.000
0.000
0.637
0.000
0.018
0.000
0.053
0.000
11.954
0.000
0.000
0.000
0.186
12.085
0.468
8.386
1.359
0.000
0.000
0.000
0.000
0.043
0.000
0.000
0.000
0.190
0.865
0.000
0.083
0.000
0.000
1.063
8.027
0.000
1.488
0.000
200.265
0.005
2.262
0.463
4.026
0.494
0.000
0.744
0.211
63.408
8.935
0.834
2.556
12.701
0.000
11.650
0.518
0.013
147723.906
1.977
0.000
0.000
0.049
0.028
0.000
1.627
0.464
13.157
7.880
1.596
0.000
5.488
0.000
11.190
1.578
0.000
2.115
7.824
0.000
0.000
128.916
14.075
0.055
0.000
0.000
0.000
0.090
0.679
0.000
0.000
0.000
0.000
0.000
0.000
0.000
0.000
14.783
0.158
0.451
0.000
2.563
46.097
0.000
0.337
0.000
6.981
0.356
1.687
0.627
0.005
8.741
0.013
0.000
0.000
0.000
0.136
0.012
0.000
2.390
0.004
1.408
249.123
0.042
4.372
0.000
0.457
0.057
0.000
0.126
0.000
0.042
0.992
0.000
0.000
0.086
0.991
85.472
0.275
0.000
0.000
0.000
0.000
0.000
4.770
0.000
0.076
0.000
0.879
2.716
0.000
0.000
0.285
3.262
0.167
0.011
50.444
0.395
1.386
0.000
0.215
0.000
0.000
0.004
0.044
5.415
0.000
2.253
0.000
0.000
0.000
0.000
0.089
0.000
0.000
54.330
9.071
7.144
0.082
0.891
0.365
0.000
0.000
0.129
0.000
3.716
0.120
0.000
0.000
31.329
6.242
0.000
2.040
0.014
0.392
0.000
0.146
0.000
0.213
0.000
0.000
0.000
0.054
0.087
0.901
36.501
0.086
0.683
3.630
0.000
0.036
0.000
0.000
0.000
0.000
0.000
0.000
0.021
0.012
0.000
0.000
0.222
0.013
0.000
0.400
0.000
1.285
0.000
0.652
30.301
0.003
0.000
46.817
0.174
0.188
0.316
0.037
0.000
2.186
0.000
0.000
0.176
0.000
0.000
1.634
0.000
0.000
0.000
0.000
0.000
0.000
0.273
0.190
0.007
0.000
0.793
623.374
1.228
0.000
0.294
0.061
0.000
0.099
0.213
0.079
24.845
0.000
0.000
0.057
0.000
0.000
6.560
0.051
0.000
0.923
0.000
0.000
0.000
0.164
3.878
4.136
0.000
0.362
1.557
0.000
0.000
3.422
29.921
14.284
1388697.250
0.069
0.011
0.074
0.000
0.028
0.000
0.000
0.000
0.000
1.151
34.944
0.000
0.000
25.988
4276904.500
0.095
0.000
22.786
3.212
0.000
0.000
0.216
2.356
0.000
0.000
0.000
0.680
71.203
122.373
0.000
0.000
1.499
20.948
0.370
0.008
0.000
0.000
0.534
2.421
0.128
0.000
3.817
13.263
0.583
0.000
39.310
0.000
12.067
0.000
0.000
0.107
0.000
0.503
163.199
3.263
44.231
0.196
0.550
0.000
11.464
0.000
3.204
104.147
32.738
0.000
0.000
1.508
0.000
2.197
0.143
0.000
0.000
80.742
0.000
0.000
3.388
0.000
3.839
0.000
37.373
0.000
0.000
0.823
34.202
10.927
6.983
0.000
0.000
3.884
0.174
9.858
0.000
0.000
0.093
0.000
0.000
2.078
0.175
0.000
0.721
7.968
0.000
31.077
0.000
10.626
0.130
0.000
0.471
0.000
0.005
0.000
0.315
0.000
0.006
0.114
26.432
0.000
17.370
0.000
0.176
0.000
3.804
0.035
0.235
0.031
0.000
0.000
0.000
2.447
0.301
0.000
0.570
9.422
0.677
0.050
0.200
0.195
8.742
0.000
134.047
0.878
0.000
1.746
0.000
0.000
0.000
0.000
0.103
0.867
2.846
0.000
0.000
2.603
3.687
0.000
0.000
0.000
10.216
0.000
0.046
0.000
9810431.000
0.000
0.000
0.175
3.425
16.572
0.508
3.480
0.000
18.561
0.000
0.000
0.000
0.000
0.000
0.000
0.000
0.156
0.000
1.667
0.292
0.000
0.086
0.021
0.000
0.000
0.000
1.035
8.076
0.000
0.000
0.584
0.000
0.000
0.000
0.022
0.000
0.000
0.000
0.104
0.000
0.008
0.000
2.817
12.212
1.320
0.736
0.034
0.374
0.000
0.606
0.000
0.000
0.029
0.000
0.129
0.117
0.275
0.060
0.000
0.000
0.003
0.000
0.148
3.410
0.000
0.011
0.149
0.000
0.091
0.000
0.000
10.905
0.000
0.255
0.485
0.000
0.355
0.000
0.090
0.000
9491394.000
0.717
0.195
0.418
0.012
0.000
17.996
0.000
0.000
0.000
0.000
0.000
0.000
0.000
0.000
10.546
40.628
0.000
10800899.000
1.213
0.000
15.904
0.000
1.207
0.000
2.388
0.221
0.330
0.000
4.606
30.479
2.819
0.000
2.855
2.625
15.802
1.715
0.000
65.986
0.721
0.004
0.000
0.000
0.265
0.000
0.000
0.000
1.275
0.000
1.498
5.623
2.278
0.000
8.758
0.000
0.345
1.844
245141.438
0.000
0.058
0.552
10.023
0.444
0.966
3.916
10.920
0.000
0.000
0.000
0.308
0.000
0.163
0.000
0.218
0.210
246.775
0.034
0.000
0.000
0.000
2.213
0.000
0.014
0.000
0.000
0.042
0.000
0.001
0.047
0.588
1.939
5.018
0.000
2.443
0.000
0.000
0.415
20.169
16.522
3255926.250
0.000
0.416
0.707
0.046
0.000
92.142
0.000
0.000
0.722
0.405
8.114
0.000
100.267
52.821
0.051
2.743
0.000
0.395
0.000
0.000
0.729
1.037
0.207
1.637
0.788
0.986
0.019
0.000
0.000
0.000
2.621
0.014
0.144
0.409
0.000
0.000
0.088
0.047
12.232
13.898
0.000
0.080
1.646
0.000
11.341
0.000
10.252
0.000
0.184
4.127
0.000
0.753
0.000
761630.938
7.106
0.044
2.475
0.000
0.626
5.738
18.511
0.000
0.000
0.000
0.625
0.000
168.803
14.355
0.000
0.174
0.000
0.000
0.000
10.373
36.348
0.659
1.700
1.994
6.178
0.000
0.000
4512716.000
0.363
0.324
0.818
0.914
37.445
0.146
0.000
15.632
0.325
0.000
1.561
0.060
0.000
0.055
0.862
0.000
0.045
12.215
0.196
2.610
0.536
0.317
54.965
0.000
0.245
0.016
0.000
0.041
0.000
0.000
0.000
0.000
0.000
0.000
0.000
0.000
2.141
0.000
0.000
0.000
2.004
0.037
0.000
0.000
0.113
8.374
0.201
0.000
2.399
0.000
0.000
0.714
33.697
0.000
0.366
0.149
0.000
0.000
0.000
0.000
0.115
0.202
0.000
0.000
9.292
0.228
6.491
4.725
0.961
0.074
0.000
0.000
0.000
0.000
0.000
10.895
1.275
0.000
0.000
38.727
0.063
0.154
0.143
1.573
0.116
2.706
0.000
0.000
27435724.000
0.000
7.567
0.000
3.245
0.000
31.557
54.984
0.106
0.000
0.000
0.038
20674348.000
0.067
10.386
0.000
17.879
35.373
0.000
3.231
0.176
0.000
0.000
0.068
0.098
0.000
0.000
0.000
0.111
1.772
0.000
0.000
0.000
1.171
0.015
0.000
5.514
0.041
0.063
0.000
42.813
7.765
0.000
0.562
0.274
0.000
0.019
0.000
0.000
8.100
0.000
11.588
0.000
0.000
46.011
0.000
5.623
0.000
0.000
0.000
9.109
0.000
1.738
0.000
0.547
0.142
0.000
0.079
0.000
1.057
0.000
8.155
0.041
0.000
0.038
0.000
0.000
0.000
4.750
4.679
3.847
0.120
0.101
0.000
1.494
0.000
49044456.000
61.230
0.000
0.000
0.000
0.053
0.175
1.614
0.000
1.896
0.989
9.430
0.351
0.000
8.674
32.818
0.000
48.001
19.691
0.153
0.000
0.108
0.025
9.179
0.178
14.303
0.000
0.000
0.000
0.000
1.851
0.120
0.000
0.232
0.000
0.132
17.942
202.198
29.412
1.859
3.478
0.282
0.000
0.000
0.000
4.886
3.860
2.915
8.946
0.000
0.071
8.453
0.000
28.594
11.175
0.000
0.000
0.000
13.829
0.000
9.506
0.000
0.000
1.796
0.000
0.008
11.177
0.000
0.000
2.869
0.001
0.000
0.578
0.000
0.174
0.000
0.000
0.000
14.701
32.910
38.053
0.000
1.009
7.760
0.105
0.000
0.000
0.000
0.000
0.154
24.347
0.000
0.352
1.577
1.056
0.300
0.000
0.000
0.000
0.000
0.566
0.000
0.571
0.355
0.000
0.240
2.219
0.000
17.077
27.773
1.270
0.000
26.900
0.000
0.168
0.138
69.226
157.612
0.000
1.051
0.719
63.155
0.000
0.000
0.000
0.000
11.075
0.000
6.717
69.243
0.149
0.000
0.000
2.170
0.000
3.002
12.181
0.317
0.009
8.983
0.000
535015.312
0.208
0.000
0.244
0.010
4.381
15.034
0.000
0.195
0.000
0.000
12.759
9.641
8.501
0.000
0.000
0.352
22.709
10.375
7.615
0.000
0.000
0.000
0.000
8.953
0.180
0.000
0.515
1.462
0.000
0.129
0.124
0.046
0.000
0.000
2.049
0.017
0.000
0.000
121.605
0.000
0.000
0.596
0.304
2.229
0.066
9.575
0.000
0.086
0.000
0.150
0.000
0.336
0.000
0.020
0.000
12.940
1.515
0.000
0.071
0.000
24.848
0.150
0.035
0.000
0.000
57.200
1.576
0.000
1.368
0.000
30.152
0.000
10.077
2.761
1.411
0.000
0.016
12.463
0.289
4.011
1.137
0.000
0.000
0.538
0.000
0.036
0.160
1.663
0.000
1.974
0.330
0.153
0.002
0.898
0.241
0.000
0.254
0.000
0.000
19.734
0.000
0.475
0.049
0.253
0.000
0.000
0.669
0.209
0.032
0.000
0.000
0.000
3.874
0.250
0.000
0.203
0.073
67.345
10.878
0.000
2.312
0.659
0.000
0.000
0.000
4.674
0.065
0.595
0.000
0.000
0.000
0.075
0.852
0.478
0.000
0.000
0.000
0.207
18.560
0.076
0.000
8.994
20.480
0.066
0.000
0.000
0.456
0.000
0.040
0.317
0.000
0.000
0.522
0.253
5.296
0.000
0.000
1.292
0.000
0.000
1.579
0.000
0.002
0.000
0.000
0.826
0.292
0.000
0.000
9.601
0.172
0.000
0.000
29.635
0.721
0.036
16.871
0.000
0.778
0.000
0.000
15.764
0.000
0.000
74.467
0.000
0.000
5.583
34.866
37.478
40.762
0.000
11.672
0.111
4.538
0.150
5.803
0.946
0.174
1.296
3.233
0.090
0.000
0.000
0.067
0.000
0.062
0.000
0.000
1.137
0.029
0.000
0.000
0.471
0.000
0.000
0.000
6.471
0.882
0.000
9.927
0.000
0.940
0.000
0.000
0.000
14.678
5.981
0.363
1.210
5.829
4.877
0.000
2.636
0.000
0.024
1.242
0.000
2.877
0.000
0.000
0.000
7.964
0.010
3.220
0.000
0.000
3.210
4.170
22.802
0.000
0.000
0.151
0.000
0.000
0.015
0.000
0.000
0.711
0.000
2.221
4.997
0.000
2.154
0.000
0.126
0.000
0.397
0.000
20.751
0.000
0.116
0.092
0.000
12.266
0.000
0.000
7.522
0.000
0.010
0.000
2448442.750
0.158
0.012
4.242
0.000
0.000
0.000
0.000
0.964
0.953
0.463
0.000
0.138
1.112
0.000
0.000
4.019
0.000
0.273
0.170
8.995
0.000
28.532
0.000
32.364
0.000
0.000
0.299
73.875
485.246
0.517
4.442
0.000
0.000
9.359
0.317
0.859
25.712
2.201
0.000
4.659
0.000
0.002
0.198
0.126
0.000
0.077
0.000
1.432
2.874
0.000
0.000
0.000
12.047
0.000
0.000
0.000
0.000
0.000
0.000
11.627
0.702
0.000
0.166
0.000
0.514
10.569
0.031
0.000
0.123
1.924
0.000
8.995
0.000
2.242
11.891
1.230
0.000
0.000
0.673
0.000
1.593
1.294
0.000
0.503
0.958
0.000
4.711
0.000
1.000
3.969
0.000
0.098
0.909
0.000
27.892
1.021
14.138
1.149
26.698
11.793
0.436
28.930
4.500
7.293
0.000
0.000
10.096
0.000
0.785
0.003
0.146
0.000
0.000
0.000
9.839
0.292
3.842
0.000
0.000
0.000
1.288
0.096
0.111
0.091
0.000
0.000
2.658
0.598
3.998
0.000
0.000
0.000
0.133
0.041
0.000
0.000
0.129
8.506
0.000
0.000
22.425
0.559
2.261
0.000
0.115
0.000
0.959
2.321
0.000
3.373
0.000
0.024
0.850
0.391
0.000
0.000
0.000
46.298
0.000
19.376
4.418
0.590
38.637
0.000
0.000
0.000
0.152
0.000
0.009
0.062
0.173
2.363
0.079
0.000
0.429
0.469
0.000
1.444
0.000
0.456
0.000
0.286
0.000
0.000
0.000
7.414
0.000
0.000
0.000
1.502
0.027
54.931
0.000
0.000
47.350
0.003
0.579
1.118
0.000
3.370
0.000
0.000
0.000
0.410
0.820
0.082
0.000
5.963
0.000
0.327
0.141
0.000
0.000
0.000
0.000
1.014
0.000
1.258
0.000
0.025
0.000
0.000
0.843
63440292.000
19.761
0.000
6.987
20.265
3.162
0.002
0.000
101.743
8.962
0.000
0.000
0.075
4.195
11.223
0.000
2.079
0.286
2.316
0.115
0.000
0.723
13.298
0.000
0.000
0.000
0.000
0.000
27566.570
0.000
0.000
0.187
0.647
0.000
17.781
0.056
2.182
2.422
9.650
0.000
0.000
0.303
2.131
59.205
0.000
0.261
1.239
0.000
0.000
3.599
0.000
0.000
244.944
0.000
3.942
2.679
0.000
0.916
0.000
3.270
0.000
0.409
0.000
1.647
0.076
0.943
0.000
0.000
1.087
0.000
0.000
0.000
0.070
1.798
0.000
8.029
0.000
0.000
0.062
8.994
0.989
0.161
16.402
0.272
0.328
3.213
0.898
8.725
0.000
9.060
1.829
8.978
0.035
88.011
0.167
0.000
8.994
0.000
0.000
0.616
1.883
0.056
0.000
0.000
0.000
0.037
0.000
54.778
5.922
1.686
0.738
0.000
3.777
1.851
0.000
0.000
0.347
5.132
1.537
0.011
2.505
0.000
4.331
0.000
0.000
84.973
19.450
43.205
0.404
0.000
64.942
39.180
0.000
21.515
19.194
0.391
0.082
0.000
0.000
0.031
69.072
1.788
39.821
10009238.000
0.000
17.266
0.000
0.000
0.000
0.002
0.000
7.917
0.000
0.000
0.000
81.950
0.000
1.568
0.658
2.412
0.000
0.000
0.914
0.000
0.733
0.044
0.000
0.000
50.976
0.963
59.371
1.437
0.000
0.000
31.657
8.999
0.000
0.182
15.982
0.089
12.280
0.000
1.385
0.000
0.066
0.000
2.932
0.000
0.775
11.935
17.099
9.080
0.672
0.066
0.084
0.000
0.000
0.746
0.000
0.000
3.246
57.107
0.000
0.840
0.136
0.134
0.882
0.049
0.000
0.000
0.000
1405458.000
0.005
0.000
0.000
231.356
0.000
0.415
0.469
0.000
30.089
0.557
0.000
0.318
2.674
0.000
0.000
84.626
0.000
349337.656
2421763.250
7.008
0.000
0.000
0.000
1.932
0.000
17.233
0.028
0.000
0.000
0.279
0.000
29.377
10.152
0.957
0.000
14.863
0.000
0.000
0.000
0.000
0.000
9.006
0.196
12.312
0.095
0.000
6.787
0.000
0.000
3.266
0.000
0.000
0.000
0.000
1.402
0.171
12.343
0.031
64.057
0.000
18.011
0.000
0.000
0.000
0.032
6.534
2.737
0.000
0.261
1.160
46.186
0.000
0.316
0.195
0.980
6.995
0.000
349.610
0.352
0.000
0.038
0.915
30.034
0.279
0.254
0.003
0.000
1.163
0.000
44.376
0.000
1.211
0.000
0.000
0.000
0.194
0.434
5.957
5.973
0.115
0.000
0.000
0.000
4.035
0.340
0.000
0.046
2.131
0.000
12.704
0.213
0.000
0.851
32.549
0.262
0.000
0.528
7.633
3.077
0.000
0.000
6.533
0.000
0.395
0.374
0.000
0.000
0.000
0.612
0.000
0.000
6.454
24.364
0.000
0.534
0.158
8032293.500
43.565
0.000
237452.422
35941032.000
4.658
30.432
0.000
4058738.000
66.280
0.000
0.000
0.000
0.000
0.000
172.228
0.000
13.905
4.421
0.033
0.000
0.586
0.000
0.000
0.088
0.061
0.018
0.000
0.000
2.545
2.289
9.096
32.480
0.011
0.053
12.391
0.000
10.484
8.983
8.907
0.000
0.000
0.654
0.029
0.265
0.000
0.000
0.000
27.226
1.562
57.562
0.000
0.000
0.000
2.239
0.160
0.000
1.341
188.521
19.375
0.505
2.071
181.209
0.140
0.000
0.735
0.000
0.033
0.761
0.103
1.393
4.564
0.000
20.830
3.901
0.000
0.037
0.843
0.160
0.000
11.425
0.000
0.050
0.000
0.000
0.284
0.000
1.438
0.035
0.000
0.000
0.045
0.000
0.000
0.000
0.000
8.649
0.011
27.978
0.353
9.245
0.446
0.000
0.000
0.121
0.852
0.000
4.860
28.122
0.131
52.623
0.053
0.000
0.000
0.000
0.000
16.865
0.394
0.158
6.007
3.735
0.325
0.008
0.171
0.000
0.136
0.000
0.000
56.701
0.793
10.763
0.000
0.000
0.022
0.109
0.000
0.000
0.000
0.000
53.828
7.076
0.000
0.498
0.000
0.009
203.005
0.172
0.000
9.618
0.000
0.061
1.971
0.096
0.518
18.850
231.683
8.930
0.176
1.202
9.732
25.737
1.337
0.000
0.000
0.000
9.556
0.456
0.000
0.006
9.446
0.203
0.000
0.091
0.000
0.276
15922704.000
0.000
0.000
1.307
0.008
1.014
32.429
0.222
7.292
8.435
0.026
35.137
0.280
0.504
0.329
0.389
0.000
0.028
9.106
0.228
36.064
0.000
113.560
1678852.750
0.061
1.940
127.810
346.744
0.045
3.953
9654366.000
0.000
0.000
0.000
9.008
0.000
2.494
0.077
0.003
0.000
0.000
0.000
0.000
32.732
0.000
0.115
7.045
0.321
8.666
0.000
0.000
0.386
15.342
0.925
0.574
0.000
0.000
0.000
0.000
0.000
0.000
0.000
0.000
0.542
0.276
0.000
0.032
0.000
0.000
0.000
1227592.625
0.020
2.498
0.234
0.000
0.545
0.561
0.447
0.000
0.000
3.495
0.000
0.000
0.001
0.000
0.000
0.293
4765273.000
5.445
0.000
32.523
0.058
0.000
0.550
0.000
2.925
0.000
0.000
0.041
0.075
0.000
0.035
0.270
0.000
0.734
0.340
0.000
0.000
0.000
0.038
0.002
2.033
0.000
0.000
11.040
0.114
24.881
0.000
167.871
0.000
1.547
16.308
138.039
0.056
0.050
9.149
0.000
0.010
0.000
0.175
37.757
1.487
0.000
1.110
0.000
65.565
0.000
0.267
0.000
13.990
0.055
0.048
26.359
10.097
4.899
25.706
0.000
9.160
8.328
2.729
0.000
0.000
0.266
0.000
10.744
1.982
0.000
0.000
0.343
1.198
0.000
0.111
10.334
0.000
0.148
0.000
0.000
0.028
0.281
3.523
0.000
0.000
1.158
0.000
0.075
0.011
0.000
0.000
2.207
0.171
16.989
31.071
0.000
0.000
0.021
0.000
9.694
0.023
0.000
0.000
0.115
1.004
0.060
78.379
0.000
8.180
0.000
0.224
0.000
0.021
10.465
0.000
0.000
0.001
0.000
0.000
10.088
23.046
0.013
0.000
0.000
0.000
0.000
9.503
0.000
0.000
0.000
0.000
0.000
0.000
0.429
0.080
0.000
0.000
177.883
0.000
0.049
12.210
0.000
0.333
0.000
0.000
23.139
0.490
0.000
1.812
0.307
1.109
9767266.000
0.009
0.000
0.000
0.000
0.000
0.030
0.281
0.000
0.046
0.018
6.089
23.161
4.216
0.225
0.000
0.000
0.000
0.444
1.231
0.123
51.756
0.495
0.020
0.000
0.122
7699437.500
14.122
0.034
989635.000
0.000
0.000
0.000
0.000
36.110
0.000
47.525
3.517
0.000
0.000
0.000
0.000
0.000
0.000
0.436
2.533
0.000
0.000
696858.062
1.097
0.000
0.000
13354829.000
7.316
0.000
0.000
0.000
0.000
2.836
0.000
14.268
0.000
0.489
0.000
0.123
3.273
6.025
0.000
0.000
0.885
0.000
19.028
7.374
32.137
5.656
0.000
0.005
0.256
0.000
0.000
0.000
0.778
41.521
0.000
0.048
1.989
0.000
0.000
0.000
0.805
0.000
1.105
0.000
0.000
0.155
24.982
1.832
538836.188
0.000
0.000
0.229
23.970
387.408
0.000
0.000
35.813
0.000
0.000
0.348
0.000
2.052
0.238
0.053
0.000
0.176
0.000
2.090
0.000
1.190
0.000
0.000
5.274
1.701
1.650
0.000
0.000
0.000
7.770
0.000
0.000
0.000
110.409
0.000
0.000
0.016
540685.875
0.032
0.000
0.000
2.913
0.000
0.059
48.749
0.034
0.444
0.000
0.000
1.536
1.835
9.001
0.451
25.784
0.823
0.000
0.000
0.000
0.000
19.975
0.208
0.207
1.674
1.705
0.000
0.090
0.000
0.000
0.000
0.494
12.190
3.094
9.628
1.668
0.000
0.000
0.000
0.148
24.260
0.446
1.274
0.171
2.166
34.983
0.000
1.377
0.000
0.310
0.000
0.023
0.000
0.000
20.003
9.895
0.000
0.026
0.000
0.260
0.000
0.114
0.047
0.592
0.011
0.000
0.008
0.000
0.000
0.329
0.604
4.418
0.000
0.000
0.047
0.000
0.000
127.957
0.000
0.000
0.060
0.028
0.000
13.220
1.463
0.051
0.000
0.604
0.000
0.722
0.000
0.172
0.000
1.570
0.000
0.000
340.080
0.279
19.710
1.285
0.000
0.000
0.005
0.000
3.858
0.000
0.000
75.691
1.568
62.436
0.000
0.000
0.000
0.000
0.000
0.448
0.000
2.830
2.911
0.000
0.565
7.263
0.148
0.000
3.964
0.003
0.000
0.023
0.000
0.000
20.993
0.011
2.796
2.879
0.916
0.255
0.000
4.977
0.006
0.000
0.134
0.050
2.077
20.687
0.000
0.000
0.207
8.998
0.221
0.000
8.949
0.082
0.000
21.623
0.000
0.000
0.764
18.686
0.000
0.000
0.000
2418493.500
0.000
9.187
49.293
0.225
0.000
0.686
119.612
0.046
0.165
0.000
6.282
3.659
19.561
0.000
26.798
1.647
0.000
0.000
0.000
1.123
0.000
0.000
0.000
10.070
0.000
29.066
10.511
0.152
0.000
0.248
0.442
7.299
0.103
0.137
5.566
24.176
0.068
0.000
0.616
0.353
0.000
1553699.375
0.000
0.000
20.737
0.712
3.630
0.218
4441620.000
0.470
5.136
0.000
8.542
0.000
23.533
0.000
0.095
0.490
31.399
0.000
0.000
0.000
26.711
0.076
3.151
0.000
0.121
0.000
0.384
0.000
0.007
86.039
0.016
39.342
0.000
0.115
6.823
0.000
0.010
0.000
0.142
0.000
0.092
0.013
0.000
0.280
0.000
9.150
0.067
24.051
19.702
0.155
25.253
0.947
0.000
0.039
23.002
0.005
0.000
0.000
0.372
0.038
0.000
8.987
15.677
19.258
0.161
0.308
0.000
2552298.000
0.000
0.000
0.148
0.000
33.602
0.155
0.230
0.000
0.000
0.159
12.154
0.288
0.041
0.000
0.032
0.051
0.000
0.000
0.170
0.253
0.051
4.827
0.000
0.000
0.337
23.421
0.000
0.000
0.000
1.259
0.711
0.076
0.650
1.401
0.038
0.420
0.552
0.601
0.000
2.804
0.000
0.000
0.000
0.076
23.502
0.000
61.357
0.000
0.000
0.241
0.417
0.000
0.903
0.000
38.613
47.880
30.769
0.518
0.000
0.000
0.000
0.000
0.316
43.959
82.156
50.402
8.392
0.000
0.000
8.781
1.121
0.477
2.481
1.268
0.176
0.049
1.252
1.465
0.503
0.000
2.222
0.320
0.000
0.000
28.621
0.135
4.969
0.000
0.000
20.346
0.498
0.017
0.000
0.048
0.000
0.000
0.000
0.000
0.000
0.068
50.559
0.094
78.739
0.040
0.169
8.991
0.888
0.039
0.175
0.000
14.716
0.147
2.574
3.852
0.000
0.000
0.000
0.579
8.687
0.000
0.057
0.000
4.226
0.000
4.273
55.694
0.024
0.162
0.000
1.034
0.627
0.109
51.669
0.018
0.535
0.184
0.000
0.051
0.685
0.004
0.032
0.041
0.000
0.000
0.380
0.000
0.220
1.359
0.484
0.000
0.280
3.307
0.000
12.468
0.015
5.507
0.000
32.883
0.963
0.106
0.000
52.303
0.000
0.850
4.324
0.000
14.111
3.994
0.131
1.678
0.000
3.832
0.407
20.163
0.691
0.056
17.621
4.635
0.482
0.000
0.124
1.555
0.000
0.000
23.566
0.251
0.000
46.970
8.997
0.000
0.000
0.000
0.000
8.585
6.968
49.717
0.000
0.000
0.213
0.000
0.591
0.174
0.000
1.571
0.000
9.415
0.000
0.000
0.016
0.000
0.159
3.113
0.044
0.000
0.000
0.000
0.766
0.000
0.605
7.617
0.000
0.000
0.000
0.000
0.000
66510.281
0.000
0.201
0.224
0.981
0.000
0.000
63.056
3.064
34.285
0.000
128.714
0.000
3.257
0.000
0.323
1.131
0.390
1.671
1.726
0.106
20.973
22.179
0.154
82.523
47.377
0.069
0.463
1.187
0.131
38.851
0.000
0.000
0.000
0.000
0.000
0.000
0.000
2.194
4.362
60.981
0.000
0.777
0.000
0.000
0.246
0.000
43.295
4.515
0.000
0.000
0.000
10.586
0.066
0.000
0.000
0.000
0.000
0.000
0.000
20.416
0.000
0.040
18.186
0.000
148.738
0.000
64.656
0.696
0.000
20.128
17.526
6.635
0.000
0.000
0.000
0.000
0.000
0.000
0.000
0.000
1.119
0.000
0.089
0.000
4.496
0.000
25.892
0.191
0.000
17.903
0.130
0.000
0.289
0.000
12.414
0.843
0.000
0.000
0.000
0.000
0.203
0.100
4.162
0.000
9.515
0.000
6.317
0.015
67.425
30111684.000
3.401
0.000
2.299
0.000
0.133
0.267
0.264
31.948
0.000
0.000
20.875
11.452
47.358
0.000
0.857
0.000
0.435
0.000
3.792
16.289
0.000
0.000
2.434
0.000
0.000
1.827
2.246
0.000
0.000
0.049
0.000
0.000
2.110
30.393
0.000
0.000
2.832
1.135
0.214
0.000
0.173
0.000
0.000
3.471
0.000
3.021
2.927
0.039
0.048
41.191
0.000
11.530
2.603
0.291
6.625
0.651
17898044.000
0.000
59.429
0.003
0.000
0.021
10.900
100.939
0.610
0.000
9.227
0.373
0.000
0.094
0.000
0.599
0.000
0.041
0.679
0.001
0.000
40.495
20.253
0.062
2.597
0.000
1.452
0.000
0.000
0.000
1.214
0.000
2.752
0.000
1.443
17.279
0.000
15.009
0.000
1.246
0.000
