1.903
0.023
0.736
0.000
0.000
0.026
0.000
0.024
5.203
0.000
6.801
23.197
303.865
0.000
0.063
0.049
0.415
0.000
0.000
0.424
0.000
0.063
30.205
5.270
23.058
0.000
0.000
0.443
0.000
0.000
0.000
1.550
0.000
0.708
0.000
0.000
0.012
1.564
21.083
0.027
0.000
59.186
0.000
0.000
12.394
0.000
14.537
1.685
0.149
0.048
18.420
0.026
0.000
0.000
0.311
5.469
18.338
0.726
1.763
0.113
0.000
0.001
0.000
13.383
0.000
25.611
0.000
0.512
0.415
0.082
0.035
0.000
0.000
0.309
0.526
1.251
0.044
0.110
68.903
0.284
0.000
0.000
4.529
2.884
40.711
0.000
12.196
0.000
0.000
12.000
0.000
6.911
0.095
0.007
26.696
3.227
0.000
0.000
0.000
0.011
0.899
0.000
0.000
0.000
0.000
0.957
0.000
0.000
11.273
0.000
0.000
0.000
0.242
17.767
0.000
0.125
0.000
0.000
0.016
0.000
0.000
4.956
0.000
2.201
6.645
0.304
0.000
614.342
0.300
22.953
0.000
14.945
0.000
0.000
0.034
1.186
0.003
0.000
0.251
0.381
0.000
11.400
2763.198
0.000
0.517
0.229
0.000
0.568
1.186
7.374
0.000
0.000
0.072
0.000
7.297
0.007
1.755
0.000
2.655
0.067
0.148
0.000
18.079
1.315
0.650
0.000
6.097
36.824
0.000
1.719
1.625
0.000
31.540
0.776
1.863
0.038
0.000
346.540
0.127
0.393
0.142
0.000
0.048
0.000
8.989
0.000
0.000
0.000
0.000
0.000
1.458
0.000
21.253
0.715
0.525
0.000
0.143
7.360
0.039
6.610
1.537
2.164
0.137
0.000
0.000
26.987
0.000
130.949
0.000
14.885
0.000
4.743
0.000
0.000
1.985
0.281
4.106
50.899
203.724
0.000
0.000
1.212
0.000
27.795
0.000
0.000
0.000
0.000
0.516
5.445
0.393
0.000
0.000
0.677
0.000
0.037
0.000
84.506
0.017
4.186
0.076
72.413
0.639
0.000
0.000
0.095
6.266
7.294
0.642
22.736
0.000
130.187
0.000
45.217
0.299
0.000
1156.728
0.000
0.093
0.046
0.000
0.004
0.000
11.113
0.188
0.000
0.225
4.818
0.232
0.006
0.000
0.089
0.081
0.000
0.223
2.093
0.000
0.035
3.824
0.000
1.703
0.000
8.609
0.224
0.022
0.000
6.953
0.000
0.102
0.000
2.012
1.081
0.000
0.000
0.000
0.000
0.012
3012.462
0.167
12.906
0.000
155619.797
0.000
451.884
0.000
8.368
0.086
0.004
0.000
0.000
65.913
0.245
0.773
0.014
11.547
0.220
0.077
0.704
10.014
5.178
0.000
0.000
5.881
5.327
0.068
4.990
1.952
0.000
0.000
0.000
0.120
0.005
5.768
43.834
0.000
0.164
26.085
0.000
0.000
27.393
0.000
0.768
0.000
0.646
0.000
0.556
11.003
0.000
25.485
0.000
1.125
51.682
0.074
1.044
0.112
0.000
0.006
0.088
0.529
1.898
0.354
1.205
0.000
0.010
0.016
1.835
0.000
0.026
7.699
0.000
0.000
0.000
0.443
0.000
0.000
0.000
1.403
0.106
1.013
0.071
0.046
0.632
0.032
0.475
0.000
92.523
2.572
0.001
0.441
0.314
0.108
9.931
0.000
0.000
6.890
0.000
5.184
11.801
0.000
51.004
3335385.250
0.117
16.060
6.168
0.013
12.851
0.733
16.720
0.000
0.000
0.256
0.007
103.379
0.000
0.941
0.062
0.031
3.536
0.097
765.899
0.000
0.498
0.067
3.564
50.264
0.340
4.757
0.126
0.697
0.000
0.000
2.942
130.070
0.190
0.000
0.000
0.755
0.000
0.000
0.000
0.064
0.000
0.000
0.000
0.000
0.000
0.000
1.282
0.026
0.000
1.489
0.000
0.000
0.000
0.000
0.151
20.924
8.638
42.785
1.401
0.000
8.455
0.000
0.000
0.750
0.357
2.528
1.646
54.571
0.036
0.024
0.000
0.060
5.030
0.000
4.969
1.104
811704.000
0.000
5.016
0.000
0.007
0.177
1264.722
0.393
31.542
5.564
0.961
2.703
52.255
0.000
0.000
0.719
0.000
0.013
0.006
0.113
0.012
0.105
2.912
9.417
0.000
4.539
9.489
0.000
0.000
0.000
0.000
0.095
0.025
0.000
4.154
0.062
0.538
1.908
0.309
0.275
0.010
0.000
0.000
0.000
4.676
17.715
0.046
0.723
0.002
0.000
0.186
0.000
0.000
0.000
0.000
0.000
0.335
0.011
0.000
5.565
16.165
33.651
76.045
0.000
0.000
0.185
0.544
0.108
0.231
0.105
0.130
0.771
0.000
16.918
0.412
0.000
0.000
5.572
0.000
0.000
0.000
0.809
72.716
0.000
128.610
3.759
0.000
0.103
0.187
0.000
0.000
4986629.500
0.288
0.325
0.000
0.016
43.237
1.147
0.000
0.000
2.680
0.047
0.000
0.000
0.616
9.319
0.205
0.000
53.762
0.000
13.739
0.032
0.277
29.179
0.000
103.012
10.206
0.000
0.000
96.881
0.000
2.394
244.333
0.371
21.867
0.000
0.026
0.000
0.058
4.029
0.000
1.602
0.000
0.223
0.205
0.585
62.816
9.107
5.966
210.223
0.041
0.000
7.999
308.190
13.133
0.673
15.412
0.834
0.000
0.000
0.000
0.000
0.194
0.947
0.000
22.849
0.146
0.324
0.000
0.000
0.000
6.105
0.000
5.774
0.000
0.000
0.593
0.046
0.000
0.000
571.613
0.000
0.000
0.042
0.030
4.912
0.601
0.000
51.156
1.318
0.009
6.545
0.000
5.911
0.000
0.000
117.954
15.667
0.000
0.114
0.990
0.000
0.158
0.000
492.951
0.000
17.778
0.000
0.162
0.080
0.000
0.000
0.095
0.605
0.000
0.429
0.009
0.034
0.557
1.164
0.546
6.035
0.000
0.046
7.762
58.564
0.000
0.000
0.000
0.569
0.024
0.000
0.016
0.000
488.297
6.004
4.108
0.480
0.957
0.000
0.292
0.000
0.000
2.664
0.000
0.212
2590.790
0.682
0.000
0.000
3.123
1.254
0.000
0.407
0.182
0.000
9.040
0.000
0.000
0.333
2238.379
1.676
0.000
0.225
0.075
0.085
0.227
11.947
0.003
63.840
10.443
0.049
1.089
0.415
0.209
0.000
0.000
0.017
0.000
0.000
0.000
0.000
0.000
0.025
6.422
0.082
1.396
0.026
0.192
0.000
0.000
0.000
151.149
0.000
9.787
1.785
5.219
6.269
0.000
0.017
3.581
1.326
0.146
49.845
0.000
3.130
4.832
0.000
12.075
238.375
192.924
1.814
17.509
0.000
0.000
0.676
0.239
0.000
0.000
35.652
0.823
0.878
0.000
6.573
0.000
0.090
0.000
2196.362
3.295
0.175
6.129
0.000
6.277
0.000
1.179
0.000
0.000
46.661
0.000
8.877
0.680
1.376
0.137
0.000
11.702
5.103
0.000
0.000
0.040
0.000
0.000
0.000
0.215
0.689
0.000
0.000
4.777
0.000
0.328
1.223
1183.644
0.198
0.038
0.057
0.145
0.048
0.000
2.944
0.053
0.000
0.000
0.000
3.053
8.755
56.697
0.177
0.000
13.315
1.244
5.469
0.000
69.592
0.625
2.194
1.093
0.000
3.792
0.003
0.000
155.990
0.000
0.000
0.956
20.215
0.000
0.000
16.183
0.152
0.312
0.035
0.366
0.141
4.859
0.000
1.107
0.000
0.306
0.000
0.000
1.801
1.067
0.000
0.176
0.000
0.032
0.000
0.000
0.000
0.333
3.141
0.000
9.395
2.053
12.993
0.000
98.076
10.818
0.219
0.000
0.822
1.597
3.818
32.951
95.641
21.803
0.657
0.000
0.215
239.555
0.121
32.256
0.000
0.000
0.042
0.000
0.119
0.019
28.118
138.452
0.000
0.000
0.000
0.000
0.000
9.161
2.588
0.000
1.889
0.889
29.159
0.089
0.000
5.184
0.000
0.000
12.490
0.000
0.056
6.083
0.000
0.000
0.410
153.844
0.000
3.920
0.874
0.570
0.103
0.114
0.000
0.000
0.000
3.291
0.000
6.998
0.000
0.283
0.170
0.169
1.954
0.000
3.490
0.072
0.000
0.392
0.000
0.249
0.155
0.188
18.668
3.172
0.040
0.000
7.265
0.000
0.000
0.733
0.048
0.263
5.053
0.103
1.672
0.227
23.885
0.016
0.124
0.000
0.000
0.000
43.749
0.028
16.704
0.000
0.000
0.000
0.000
0.127
1.711
0.257
0.008
13.119
0.000
38.536
0.000
0.610
0.000
1.836
0.000
0.021
0.000
0.000
0.023
18.024
28.754
0.000
3.725
0.000
0.000
0.000
6.615
0.000
0.000
24.837
0.627
0.111
0.000
40.258
5.523
2.011
0.095
3.840
0.000
0.359
10.164
0.000
0.000
0.038
6.798
4.017
2.203
11.207
0.144
0.359
0.000
16.463
2.321
0.000
2.116
21920.115
0.000
0.029
0.017
0.000
3.260
1.820
0.000
0.030
0.000
0.239
0.994
0.000
0.101
0.000
0.000
15.551
1.241
21.543
8.704
0.000
0.000
0.958
24.556
0.000
34.324
0.000
23.958
0.000
0.000
0.000
5.262
4.847
0.000
0.000
0.000
6.769
0.007
0.037
28.924
0.248
0.077
4.667
10.962
0.000
0.000
0.000
1.974
0.499
0.109
1.443
0.085
0.109
0.000
87.885
0.382
15.175
114.767
0.019
13.059
0.501
0.000
35.020
0.300
5.479
35.815
25.393
0.180
2.973
0.000
0.000
6.375
0.477
0.000
0.110
61.612
0.000
0.241
0.000
0.000
0.014
0.312
0.713
0.000
0.004
0.000
0.000
17.860
0.060
129.292
12.133
0.194
0.139
0.145
0.000
16.631
0.000
0.000
0.000
0.023
0.000
0.000
0.000
0.000
0.023
0.000
0.000
0.102
0.419
10.684
0.596
0.000
0.288
0.000
0.412
0.080
0.142
0.000
0.102
0.000
0.000
0.000
0.000
0.080
0.000
7.872
5.036
0.000
0.125
0.058
0.062
5.271
0.000
6.190
0.413
0.000
4.314
0.000
0.000
0.000
0.015
0.743
0.000
0.000
0.940
0.000
0.000
1.637
0.000
291.583
0.244
0.096
0.000
0.048
0.011
0.271
0.000
0.000
8.876
11.713
0.153
6.323
0.000
0.339
0.169
0.000
0.000
0.327
0.000
0.000
0.000
0.111
0.000
0.753
5.093
0.000
6.373
2.932
0.000
0.061
0.405
88.092
53.262
37.492
0.000
4757181.500
0.530
0.000
0.767
0.130
5.126
4.843
0.000
0.377
0.000
32.814
103.691
0.000
0.355
17.331
0.000
0.161
5.269
0.046
75.538
0.000
2.072
0.243
0.600
0.205
0.234
1.842
0.326
0.125
0.000
23.759
0.236
120.715
58.695
20.392
0.000
14.749
965.674
0.000
1.204
1.501
0.000
0.000
5.940
63.720
0.034
0.076
7.122
17.927
347.552
0.116
0.000
13.452
80.214
0.000
64.501
0.098
0.000
0.000
0.000
5.977
0.000
0.000
0.601
0.000
6.150
0.000
0.000
0.773
0.006
4.516
0.658
4.748
7464.348
0.000
0.152
0.000
30.083
1.234
2.570
0.000
0.000
0.000
0.178
0.000
47.808
27.449
4.619
1.351
0.490
0.693
0.303
2.147
0.027
0.000
103.110
1.592
0.000
20.891
0.005
0.075
50.758
8.317
0.005
2.321
0.058
144.687
1.927
0.000
0.000
0.000
16.720
1.972
11.082
0.000
3.986
0.732
0.393
0.000
0.042
16.979
1.150
0.137
0.000
0.314
0.282
0.000
0.000
4.135
0.000
0.000
1507420.000
14.372
0.062
39.583
0.000
0.060
0.000
2.396
6.269
0.653
0.014
0.000
0.427
0.000
6.445
0.000
11310499.000
2.094
0.000
0.000
0.150
0.000
1.866
10.987
0.065
0.000
0.836
3.765
0.069
5.744
0.136
0.000
0.230
505.665
8.483
3.952
59.095
0.000
77.124
0.407
12.701
11.607
8.117
0.066
10.751
22.170
0.067
2.126
0.684
2.606
0.000
0.473
1.719
0.000
0.954
3.936
0.010
106.871
0.179
0.000
0.166
24.219
0.000
0.000
0.000
0.000
2.631
0.001
0.058
1.995
0.170
0.184
0.000
0.187
6.202
0.000
0.114
0.812
1.001
0.073
0.000
0.748
0.430
0.000
0.680
5.617
0.100
1.245
0.118
5.014
0.000
0.862
0.904
6480587.500
0.000
0.135
0.000
0.990
0.000
0.246
226.847
0.336
1.299
0.661
0.000
77.595
0.000
0.000
2.338
0.064
5.796
0.000
2.517
558.540
0.000
0.000
0.000
0.054
0.067
0.000
0.000
39.254
4.263
24.796
0.009
6.596
43.646
11.671
0.000
5.160
8.444
173.510
0.000
0.183
0.260
0.095
0.773
0.000
0.000
0.000
0.000
2.722
19951344.000
0.867
155361.891
3.307
1.593
0.000
0.000
0.000
0.026
0.000
18.856
0.336
0.000
7.842
1.131
0.324
8.612
0.354
25.413
10.045
0.000
0.000
0.000
0.029
0.794
0.384
0.603
95.789
0.000
0.000
0.345
14.181
0.000
7.976
0.000
0.391
0.097
0.000
37.566
0.084
0.000
30.004
37487.410
0.033
30.146
0.000
0.000
460.674
0.091
1.539
0.000
0.118
14.008
0.021
1.842
0.188
41.876
0.000
0.161
0.015
214308.500
0.000
344.677
0.176
0.000
2.451
2.277
0.068
20636.398
243752.969
0.069
0.219
0.047
0.000
2.258
1.543
0.000
107.809
0.000
8.544
0.107
49.645
0.012
99.717
0.007
0.000
0.216
0.110
41.135
1.589
0.851
0.011
34.448
0.000
0.040
0.470
13.005
10.584
0.425
0.040
0.000
0.000
0.682
0.999
0.000
0.270
0.000
0.000
0.000
0.000
0.064
0.000
0.000
0.657
1.348
0.000
0.000
0.000
0.235
266.917
0.000
0.000
0.298
2.550
1.235
0.146
0.260
0.000
0.104
0.322
0.000
0.000
0.013
24.916
16.901
0.277
0.000
32.796
2.957
2.071
1.279
3.455
4.440
0.380
98.404
0.000
1.203
0.000
21.793
23.732
0.000
1.170
7.994
0.945
0.000
474824.312
3.223
0.000
0.000
22.716
0.075
0.000
3.045
0.322
0.000
5.090
1.122
0.000
5.398
0.911
0.000
0.076
21.480
50.839
0.054
5.917
0.000
0.006
6.026
0.051
92.653
0.000
0.000
174.023
0.089
0.079
0.030
13.992
5.143
0.000
0.172
0.000
483.448
0.239
0.109
0.179
0.000
127.719
0.000
24.920
13.034
9.301
14.186
3135.721
3.570
4.364
39.407
5.331
214.552
229.732
0.000
5.272
5.689
16.880
0.140
32.757
0.000
0.548
0.008
0.000
12.191
20.977
32.953
0.490
0.117
0.000
4.659
0.013
0.000
18.122
21.025
2.865
0.000
0.588
0.317
4.247
29.750
0.000
0.000
0.356
0.000
7.719
5.064
3.301
0.000
0.221
0.620
2.974
0.119
1.216
29.215
31.308
0.000
0.000
24.361
1.050
9.066
37.315
0.103
9.708
6.069
0.045
13.424
3.217
0.926
4.693
3.950
0.860
1.914
76.101
0.000
0.397
2.973
101.353
0.000
0.821
0.000
4.913
0.107
50.275
19.962
57.248
0.399
16.338
0.145
0.000
0.157
0.337
0.306
58.971
0.000
14.631
5.656
1.112
7.057
21.441
10.285
0.169
0.066
18.415
0.257
1.782
0.007
0.505
0.068
0.331
11.279
0.000
1.835
0.000
0.782
6.198
0.000
0.063
37.032
0.140
0.000
0.048
117.047
0.000
1.371
10262.212
0.004
11.305
0.000
98.395
0.000
2.782
16.781
0.022
4.776
0.000
0.139
0.162
0.053
27.918
13.719
23.219
34.670
0.258
2.884
6.336
0.008
51.789
0.373
0.000
0.000
0.000
2.159
7.556
1.265
15.883
4.825
0.136
30.920
0.000
1.862
49.550
1.761
0.000
0.004
0.000
0.307
0.000
0.087
1.976
0.000
0.230
0.035
4.549
1.799
3147.799
1.298
0.000
0.224
0.069
3339046.750
0.650
0.011
4.955
0.000
2.932
0.594
0.000
1.299
710.548
0.732
28.381
0.000
8.875
0.000
0.000
9.756
69.688
0.502
0.000
3.393
0.600
0.070
1.550
0.018
0.579
1.831
5.838
26.914
13.950
0.120
0.216
0.620
0.590
0.000
5.684
0.022
49.326
0.142
0.000
0.000
0.127
0.000
0.930
0.161
0.097
1.010
9.172
0.000
0.046
5.787
10.559
1.108
3.470
0.307
16.509
0.000
0.000
0.000
154.786
3.499
0.124
0.022
0.000
0.208
0.000
5.093
2.414
121.580
0.000
0.000
0.000
0.250
0.907
3.007
0.630
0.217
0.000
1.035
0.000
0.000
0.062
4.315
0.140
0.211
0.258
0.000
4.982
0.000
96.823
0.000
19.281
1.314
0.000
0.281
3.583
0.018
0.000
663.241
14.912
0.000
0.022
0.119
0.312
0.000
0.027
0.145
0.026
10.813
10.201
3.052
0.123
0.290
1.805
0.654
0.000
0.000
0.673
0.493
2.316
0.296
1468495.000
0.386
38.706
1.978
0.020
39.615
432.448
0.000
1.183
2.465
394.994
3.606
0.394
0.086
0.304
0.253
0.000
2.494
0.230
92.201
163.148
0.000
1.837
1.759
0.000
19.825
0.115
10.500
0.219
105.346
0.004
0.132
7.493
5.954
5.376
0.000
0.053
23.807
0.447
0.000
7.657
17.587
16.055
251.478
5.009
0.674
0.000
1.857
7.924
0.293
51.254
0.087
0.225
1.224
0.000
2.914
0.238
17.502
1.920
0.000
0.282
6.174
0.029
19.074
0.765
0.283
1.752
14.833
0.711
0.305
0.249
3.891
0.004
0.634
122.598
0.086
0.037
0.165
0.000
0.123
0.334
0.249
1.153
55.745
0.038
10.963
0.049
0.073
1.542
4.179
3.679
0.000
0.037
9.054
0.528
0.592
22.446
0.000
0.465
0.874
0.457
8.461
0.013
0.000
13.756
39.024
0.779
4.040
0.000
0.780
0.000
45.900
93.200
0.000
8.504
0.003
5.483
0.000
7.508
2622269.750
5.688
7.595
0.175
0.266
0.024
0.023
62.232
0.000
0.000
1170.591
0.366
4.845
9.321
33.141
2.426
0.000
72.114
60.760
206.966
0.874
0.509
50.359
2.080
0.000
0.094
6.696
1.242
0.222
72.825
1.644
0.626
30.810
0.219
1.089
0.000
19.324
0.735
1134.706
0.798
15.063
24.314
3.623
8.712
251.212
2942.863
0.457
20.431
8.592
86.492
3.498
23.039
0.079
0.019
177.324
0.000
1.084
415.480
2.339
0.747
145.992
14.001
0.016
0.336
1.662
3.968
4.692
0.000
6.980
0.131
4.958
1.356
10.915
418.958
0.025
0.559
201.624
0.590
4.618
0.666
0.000
0.176
8.335
0.839
3.001
115.148
0.000
0.000
2.185
0.151
0.000
0.013
41.540
9.547
0.000
0.000
1.754
0.790
1.652
208.465
1.230
0.863
0.346
0.224
0.338
0.458
0.728
0.000
70.947
0.175
11883.893
0.031
0.000
0.372
0.065
33.704
1187.166
1.283
0.237
0.013
69.523
2.038
299.785
1.632
0.000
2.844
13.129
0.000
1.259
0.017
16.985
0.524
104.524
0.000
0.782
72.078
0.000
5.762
237.887
9.482
3.247
19.511
2.615
3.105
10.072
0.000
0.000
0.585
1.087
37.011
9.340
2.110
9.930
2.814
0.010
2.375
0.289
35.154
4.382
0.000
0.180
1.377
0.000
0.063
0.000
0.000
0.234
0.071
0.671
0.011
0.280
8.820
7.014
96.848
29.468
0.393
265.511
0.419
26.485
2.143
0.241
0.083
16186.188
0.055
13.556
0.567
83.488
0.468
40.984
0.650
3.885
0.000
20.039
0.261
0.020
0.000
12.946
0.291
5.702
3.478
4.307
5.027
0.049
0.000
0.000
75.289
0.081
0.192
0.000
0.000
0.000
0.044
0.193
13.368
17.824
0.000
0.006
0.000
0.111
0.224
0.249
0.214
0.339
6.509
0.000
0.164
560689.562
1938.634
0.000
0.031
0.000
1.509
47.001
0.000
0.330
0.855
33.473
0.000
0.290
0.000
15.605
5993.181
0.034
3.469
25.554
0.000
0.317
0.261
0.000
0.029
0.321
1.476
335.396
2.237
0.020
0.244
0.012
0.000
0.347
10.914
0.000
9.151
0.146
4458.998
0.114
0.334
0.000
5.321
0.000
50.880
94.646
52.501
1.515
0.075
1170.459
0.000
6.517
7.872
0.000
5.342
30.211
1.154
0.098
1.375
1.589
2.275
11.544
0.000
0.174
9.198
0.018
40.565
7.304
1884897.500
1.838
0.918
2.381
0.083
1.201
63.917
46.027
0.000
15.448
0.166
2.961
158.462
25.059
1.382
0.143
0.040
0.028
148.864
0.000
0.020
0.354
0.333
1.349
0.150
2.326
64.717
369.127
89.229
3.145
4.299
9.075
0.095
0.000
2.705
0.000
0.078
24.280
32.957
0.000
8.130
1.052
82.536
2.334
701.218
23.339
4.282
0.632
22.863
1.724
0.297
8.978
66.187
0.266
125.871
16.594
14.229
0.701
0.000
17.035
0.355
0.000
1.639
14.965
0.000
0.000
0.065
0.860
2.708
49.629
10.230
3.744
8.951
0.000
0.430
0.129
0.050
12.089
6.635
66.066
1.158
0.076
0.158
0.166
8.529
0.000
0.000
0.000
0.000
24.826
43.530
0.000
0.544
0.198
1.204
143.756
3.824
0.000
3289.032
0.000
0.097
13.052
16.514
2.456
21.876
0.085
0.776
15.456
0.000
0.393
2.363
2.513
1.425
0.000
1.279
0.498
8.166
0.170
2.140
0.474
0.937
1.213
0.000
0.000
0.000
1.619
82.116
0.024
0.127
0.000
0.028
0.000
2576.386
0.000
0.024
1.827
31.262
0.004
3.617
0.767
0.051
1.488
0.193
0.170
0.013
0.000
0.408
0.000
8.734
0.434
0.273
0.593
23.192
0.739
5.742
0.124
1.301
26.778
0.000
11.262
63.025
0.377
0.000
3.829
0.000
0.011
1.350
0.054
0.000
0.256
4.092
0.000
11.402
30.078
0.893
3.976
0.000
12.431
610.672
2.376
4.488
0.093
0.249
0.329
13.190
0.571
7.365
0.000
57.099
0.000
0.000
2.053
0.448
2.510
12.787
10.366
0.377
0.000
0.001
1.152
2.995
0.000
6.981
2.661
0.318
0.360
1.029
1.566
2.660
15.169
1.163
4.679
14.161
0.001
0.000
0.238
0.667
1.229
0.144
0.471
0.141
2.815
0.000
44.758
11.354
0.416
0.381
0.000
8.030
3.097
0.191
16.957
1.253
0.000
96.510
0.056
0.000
0.152
50.417
0.155
8.151
19.408
4.746
5685.627
4.160
93.893
3.725
5.830
1.516
22.085
66.331
0.342
0.001
0.000
3.409
0.148
12.236
0.095
1.585
0.000
0.058
4.603
0.085
12.756
108.408
2.999
0.104
41.207
5.453
450.358
0.348
0.353
0.139
2.191
0.625
0.000
0.023
0.000
0.000
0.477
23.085
167.312
32.875
0.000
0.038
0.000
17.208
1.761
0.476
4.470
12.658
0.012
5.134
14.326
3.936
1.752
1.034
28.902
0.067
0.678
0.045
0.199
0.000
0.000
1.255
22.647
5.325
0.091
0.005
3.418
1.505
28.102
91.332
0.001
0.054
0.000
30.224
2.308
0.123
0.390
3.736
0.134
5.709
0.982
1.162
0.000
2.814
0.082
2.598
0.083
1.047
0.000
0.000
1.963
42.551
2.813
2.884
94.754
30.261
10.297
0.485
6.611
0.622
216.545
48.004
0.000
0.460
0.000
0.029
150.542
0.000
67.804
188.110
0.888
3.287
12.339
86.783
0.000
0.789
118.416
85.911
5.883
0.000
70.476
1677741.500
5.909
7.495
36.371
49.868
0.615
517.681
0.000
17.569
23.600
1.099
0.549
0.265
10.689
0.000
0.045
0.035
0.243
2.157
14.320
0.000
0.196
4.675
1.790
0.000
15.999
10.696
0.213
11.652
0.544
16.076
8.057
13.863
8.320
1.054
4.322
0.052
15.970
27.502
0.000
0.000
0.000
0.000
1.338
30.668
1.577
17.458
0.000
1.596
0.000
0.047
0.099
0.345
163.805
40.668
0.355
0.000
0.000
0.000
0.673
20.755
104.465
0.014
0.251
15.630
0.000
7.511
3.302
0.000
29.221
0.171
3.052
0.293
178.812
0.852
5.036
0.000
0.049
0.087
0.000
0.000
3.647
0.000
0.021
0.000
72.347
3.806
0.000
7.936
0.000
10.391
0.000
6.325
0.000
37.146
0.031
0.264
0.227
0.158
0.000
0.142
0.012
1.048
1.205
0.091
0.000
10.599
0.810
3.855
1624.395
70.111
2.752
1.890
5.277
0.000
148.078
3.285
0.710
0.000
3.171
0.000
59.124
0.000
30.247
0.394
0.044
139.155
3.203
8.832
1.448
6.522
0.000
1.533
0.065
7.021
3.726
2510.155
2.067
0.000
0.120
678.797
0.425
0.193
0.195
14.641
0.000
0.000
0.000
8.166
0.000
8.914
7.342
68.359
0.526
0.000
0.248
0.411
0.000
34.503
71.728
0.000
0.047
21910.967
0.217
0.021
98.729
16.083
0.193
0.471
5.549
7.819
0.006
6.183
0.019
26.365
0.177
0.096
0.264
0.018
14.605
0.000
4.141
71.205
0.586
0.375
0.000
1.013
0.021
13.322
0.000
0.025
0.000
3.191
0.019
1.118
68.076
0.200
5.219
0.119
1.469
0.019
22.474
0.239
0.343
0.000
471.067
1.526
0.910
0.005
257.391
0.226
4.399
0.000
12.100
1.740
0.016
1.842
187.323
1.034
48.277
44.864
0.236
13.240
1.273
2.990
0.000
2.539
11.520
0.003
5.616
51.843
4.062
0.045
5.834
367.422
0.610
179.150
9.387
1.808
3.575
0.000
0.197
0.034
0.000
10.277
34.056
0.215
7.656
0.845
95.004
0.486
2.029
3.923
0.156
0.024
0.940
5.477
4.609
19.761
0.038
0.052
9.252
0.000
0.000
0.000
3.703
0.037
0.000
0.348
29.629
28.927
0.000
0.195
0.000
33.807
0.508
6.213
0.469
0.000
0.069
6.240
5.014
0.000
26.256
0.000
109.832
0.324
0.066
0.318
19.301
1.580
3.260
1.104
0.729
0.000
1.172
0.000
0.007
13.078
56.374
0.000
0.018
1.250
0.082
27.004
0.000
4267583.000
0.013
20.457
99.323
0.002
0.060
0.102
8.428
0.025
0.870
2.231
0.000
0.293
0.192
0.000
9.951
0.000
0.000
0.821
0.000
0.000
0.314
1.865
34.407
4.995
31.258
3.680
3.207
61.509
10.561
0.000
0.413
4.780
1.539
0.000
7.072
68.026
32.156
0.011
0.000
276.152
1.302
0.732
0.000
0.374
0.196
20.440
0.150
5.946
0.000
2.438
0.000
109.844
4.561
62.395
38.253
10.205
26.088
2.395
14.826
2.207
0.366
0.074
10.255
58.701
1.277
0.005
35.984
0.021
0.047
1.889
34.135
69.762
0.038
0.000
0.706
4.325
0.322
1138.618
1.855
0.040
0.314
3.989
0.013
10.167
2.560
6.494
0.579
0.258
136.054
4.458
0.687
84.082
1.466
0.205
0.332
8.018
4.730
0.573
2.235
381.621
0.134
0.255
1.849
7.709
0.000
19.510
2.443
1.572
15.088
3.471
0.073
0.140
0.286
7.865
0.876
0.000
0.222
2.738
0.000
49.429
6.808
2.556
0.933
10.999
0.487
0.332
5.923
0.001
0.123
22.205
0.102
0.702
13.313
5591.436
0.019
4.571
75.295
1.224
0.140
1.161
0.524
0.210
2.268
2.290
0.100
7.430
115.544
10.287
5.600
21.712
0.256
0.000
1.234
0.058
0.000
10.648
0.000
14.991
0.213
51.448
0.000
85.866
0.000
0.076
1.491
23.170
71.936
1.674
0.000
0.028
3.047
0.109
0.640
11.236
5.177
13.525
0.235
0.000
0.511
0.000
18.970
0.012
0.893
9.976
49.818
0.000
3.028
9.715
0.333
0.979
2.968
5.191
0.000
29.644
8.742
0.000
0.412
134.248
0.258
0.000
5.693
0.054
3.130
0.059
14.187
28.417
0.947
0.369
3.321
0.079
1.904
0.717
0.000
30.629
0.769
0.862
0.239
70.617
0.893
3.301
0.110
0.591
0.013
15.228
101.962
0.000
0.000
27.231
25.715
2.375
12.480
0.869
57.010
22.803
0.026
0.000
3.052
0.000
2.149
3.361
0.477
4.528
0.000
4.002
29.282
0.000
2.304
0.000
1.728
0.000
7939.296
1.511
7.466
20.263
2606464.000
0.798
2.643
0.360
875.230
62.883
0.071
0.000
0.000
8.547
47.483
0.000
46.963
22.085
13.361
71.211
16.585
635954.062
3.156
0.049
0.337
0.056
0.033
0.386
8.922
0.041
0.000
0.612
2.140
7.677
0.698
8.503
173.610
0.146
29.134
0.000
40.418
2.736
0.274
1.042
0.809
8.131
0.000
0.056
0.051
4.328
1.296
32.154
0.352
0.426
0.000
1064.801
2.581
0.089
10.283
20.493
0.207
106.454
0.066
0.532
0.358
7.082
24.095
13.686
0.154
87.097
1.648
0.967
0.419
0.858
0.429
1.134
160.900
0.410
6.874
1.989
2.183
88.691
31.667
18.407
3.481
2.202
9454.431
0.123
0.000
9.986
10.233
28728.430
289.693
0.978
0.226
55.819
27.551
9.601
0.000
10.280
0.983
0.445
8.983
1.247
0.136
3.649
12.060
0.000
874.032
0.621
103.173
0.008
0.023
7.232
0.017
0.000
8.701
887.526
19.450
0.007
0.110
3.340
0.000
60.790
0.044
54.212
0.001
0.000
3.020
9.251
6.500
0.765
0.000
0.000
0.000
2.291
0.000
11.984
0.000
25.901
1.428
1.031
0.000
1.327
0.000
193.212
297.383
5.476
0.000
0.003
0.075
0.899
15.367
3.418
1.274
4453363.000
0.270
0.060
0.092
1.991
6.371
0.000
0.308
31.312
0.013
16.019
0.000
0.000
0.000
0.493
4.097
10.693
3.716
21.232
68.751
0.018
7.236
0.394
0.038
47.819
1.216
0.116
28.590
0.829
6.778
3.888
5.850
0.243
0.805
0.263
57.694
0.967
77.102
0.000
0.040
0.000
0.348
0.000
0.000
0.029
16.249
2.372
13.710
9.467
10.106
0.000
0.000
51.208
0.148
0.069
35.349
5.995
4.235
1.178
2.997
0.586
0.000
14.859
0.000
0.949
2.151
0.313
0.064
0.844
0.905
26.931
18.527
0.035
2.262
0.000
42.207
0.007
0.763
0.011
0.000
0.000
9.482
0.100
0.617
30.415
0.000
0.000
0.005
0.038
0.000
26.807
73.977
0.055
0.000
0.000
0.000
7.562
0.000
0.304
912.912
0.044
22.589
1.859
400.192
1.138
8.981
0.067
32369.094
1.866
34.631
0.000
20.457
0.013
0.348
4.250
0.000
0.602
5.287
8.433
1.675
0.497
1.830
1.120
5.682
1.275
1.218
0.207
1.912
0.000
0.083
595068.562
29.778
0.000
0.031
61.360
23.859
0.000
0.000
0.147
46.689
0.000
0.099
21.079
0.000
167.166
0.000
19.040
0.000
5.952
3.410
28.787
0.111
4.904
1.109
0.075
0.000
0.036
0.604
0.282
0.000
0.064
244.792
0.082
10.164
2.272
0.000
27.130
0.992
0.000
1.564
0.207
112.576
1.023
51.841
3.342
0.157
0.343
5.751
204.036
0.271
23.609
0.148
1.838
8.143
5.860
10.905
0.000
3.719
0.340
12.826
19.087
0.575
2.576
28.419
0.141
0.012
0.276
0.046
11.593
0.504
0.107
0.000
0.093
0.371
4.114
0.118
0.811
0.168
0.221
0.002
12.579
2.030
0.000
60.546
6.554
0.114
5.498
0.000
0.482
0.000
0.000
0.000
3.710
12.035
44.436
0.230
2.797
0.000
4.310
0.583
1.425
0.102
0.661
2.177
0.000
0.483
40.152
0.790
0.233
4.830
6.778
28.348
47.025
1.286
3.651
0.031
0.737
32.670
5.511
7.583
0.000
5.491
0.000
16608.262
47.235
0.584
0.054
7.451
2.930
0.000
0.000
5.518
0.007
0.595
0.006
211.439
0.470
9.276
0.000
1.820
5.075
0.149
127.891
21.039
0.717
0.513
14.498
18.493
0.000
62.056
0.014
4809.782
0.000
1.396
0.000
0.187
2.569
0.438
0.000
0.035
6.813
0.322
10.565
252.648
12.104
0.224
30.218
15.916
90.729
26.501
62.093
0.086
23.042
3.856
10.632
29.010
13.126
0.128
18.183
0.000
0.182
0.169
0.252
2454.199
13.589
0.000
0.000
1.515
0.771
1.250
4.340
26.329
20.409
0.404
100.835
0.257
8.607
0.000
4.978
0.000
0.179
0.006
1.130
6.675
16.176
0.000
3.477
0.000
2.032
0.836
9.988
0.037
5.593
1.616
0.000
7.255
0.007
0.028
0.168
39.245
0.000
0.899
0.326
0.000
1.477
0.243
0.007
5.446
0.000
0.162
0.000
0.000
12.780
1.705
4.527
6.970
0.000
0.057
13.844
0.759
0.048
0.220
3.384
3.986
0.023
0.052
0.294
1.369
0.000
66.599
0.817
0.416
1.587
1.209
6.239
5.428
0.000
0.165
9.180
7.220
0.000
0.047
0.000
21.546
1.829
5.905
0.097
3.326
45.678
0.046
2.659
38.836
0.106
0.005
24.486
9.541
0.000
0.288
7.481
0.126
0.018
1.855
0.112
0.123
13.005
5.500
0.000
0.121
0.360
554.987
34.419
0.000
2.043
1.031
0.000
0.000
4.995
1.995
0.016
0.171
9.353
69.750
0.123
0.297
53.353
1.490
9.659
3.210
15.462
0.000
0.898
18.150
5.311
1.313
19.288
0.017
0.240
0.526
1.465
93.557
1775.493
0.778
90.988
38.479
0.075
0.374
0.000
0.266
1.005
0.000
17.957
20.919
3.534
9.681
0.359
0.449
0.385
7.242
1.442
0.018
7.259
0.303
9.511
0.894
0.919
1.623
0.225
0.009
122.804
0.176
1.018
0.000
0.047
0.119
0.410
7.416
1.450
16.813
1.130
4.045
127.583
125.374
0.319
4104.991
5.047
18.001
1.622
0.028
23.635
3.560
0.000
5.361
0.000
0.000
10.581
21.322
0.470
0.104
0.043
1.181
0.176
0.000
0.000
0.028
1.039
66.929
21.615
18.857
0.772
1.520
0.000
6.591
0.023
0.624
70.989
0.464
0.000
0.138
7.524
0.246
0.833
0.613
0.000
0.331
23.977
12.338
13.109
6.206
0.377
0.000
32.257
3.313
12.418
209.908
0.000
0.000
0.989
0.241
1065.577
99.914
0.037
0.010
187.834
0.750
11.295
0.033
0.184
0.003
15.988
0.000
0.452
0.150
0.158
0.000
0.273
5.266
94.296
0.000
169.109
14.182
3.607
13.369
5.281
0.195
0.121
5.671
4.636
18.231
205.912
3.841
0.036
0.000
4.612
0.079
0.566
0.720
0.071
0.482
0.144
25.280
4.557
172.476
0.001
0.000
5.934
2.252
3.559
0.067
16.216
0.644
0.270
722.370
0.002
0.599
0.000
6.197
0.349
21.432
3.352
0.000
29.350
12.966
12.617
5.071
2.399
0.409
0.386
0.008
0.009
0.272
13.324
0.000
0.845
3.424
0.030
0.000
2.675
0.371
0.052
1.416
1.172
14.282
5.603
1.175
0.423
0.289
0.000
0.110
0.000
5.309
0.951
0.000
0.000
2.265
0.186
0.351
0.441
0.354
0.000
11.448
5.016
0.000
0.702
0.000
0.000
76.976
0.174
5.004
2.052
98.819
0.036
13.093
51.876
0.000
42.214
26.493
0.120
0.686
1.633
2.479
47.209
513.924
3.589
0.000
0.288
0.316
0.020
1.667
10.617
1.579
0.349
0.000
0.000
46.723
0.031
1.952
15.891
0.000
0.001
12.438
8.719
47.451
0.257
0.000
1.744
0.402
1.874
0.354
0.001
0.000
61.972
0.000
0.000
0.417
18.578
5.094
11.158
0.049
0.000
29.972
213.959
102.986
0.097
5.352
4.990
0.000
0.910
0.014
8.053
0.316
0.000
0.004
8.328
1.685
0.000
3.070
16.547
0.431
1933.673
0.076
0.000
2.387
1.191
0.550
32.407
0.171
1.088
0.030
0.179
0.679
26.670
15.336
5.226
2.162
0.539
3.274
0.664
0.000
18.201
0.000
0.194
0.000
3.020
0.003
0.000
1.019
1.800
0.000
172.555
0.000
37.700
5.630
6.977
1.022
0.693
0.000
10.617
0.000
15.819
0.134
100.651
1.929
0.227
22.560
0.006
6.969
1.989
127.880
0.864
5.952
0.000
1.568
6.387
0.323
0.000
65.142
6.705
0.209
13.852
0.000
0.000
0.000
2.172
0.000
14.294
0.137
0.070
5.401
0.917
22.632
0.047
533.419
9.682
5.955
0.208
0.302
0.853
0.451
1.444
3.280
2.633
17.273
1.047
0.032
2.194
0.028
18.087
0.000
79.934
32.097
15.387
10.992
0.000
0.106
50.627
112.718
0.040
0.097
0.000
5.409
1.144
0.182
1.328
0.000
0.504
16.810
0.000
1.100
0.392
2.801
25.549
0.000
13.826
0.329
5.324
0.879
9.831
6.725
33.288
1.094
2.995
4818.778
0.000
11.882
5.070
0.442
0.000
0.891
0.000
0.112
4.747
4.345
33.489
1.695
4.920
8.961
1.544
0.000
1.915
0.523
0.006
4.200
175.852
0.000
12.348
0.011
2.746
0.327
0.048
0.356
72.487
0.000
18.843
3.683
2.192
11.371
1.280
0.397
0.072
7.499
10.893
0.179
0.017
0.028
74.586
6.136
5.023
0.056
3.313
5.570
0.000
36.270
66.337
7.083
0.621
0.337
2.944
0.000
3.458
144.634
0.018
0.003
0.000
0.586
1.218
2.540
11278.108
0.275
0.000
0.286
0.000
1.306
1.202
0.000
3.304
0.185
0.145
1.194
0.000
19.539
0.706
62.270
94.962
0.000
22.019
0.010
0.541
0.935
9.076
0.059
12.082
0.178
3.018
13.999
0.025
0.158
0.126
0.000
0.604
0.000
13.661
783.787
6.269
0.000
5.260
16.942
2.565
0.000
0.000
0.000
27.372
0.101
47.332
557.563
3.839
0.016
0.522
4.991
0.641
0.000
6.374
0.000
5.035
0.000
0.000
0.929
0.195
6.014
4.966
2.154
0.457
2.982
1.098
0.000
0.000
0.008
7.802
1.585
0.000
5.392
0.000
0.000
0.000
356.185
5.724
0.942
0.000
2.612
18.353
61.961
0.000
0.495
1.052
0.000
0.000
21.990
0.635
0.070
541.524
3.182
0.000
152.817
0.000
77.325
18.355
422.659
0.012
47.932
0.000
4.346
0.000
0.226
0.392
0.000
0.000
5197.772
0.601
8.409
76.710
5.649
1.587
7.453
5.142
0.232
0.292
8.589
418.491
0.419
2.751
64.202
204.113
0.000
0.739
0.190
0.000
0.060
0.872
0.000
87.180
0.000
5.430
127.351
2.462
2.603
6.337
17.275
1.780
0.049
0.000
5.047
0.050
5.608
18.866
0.000
129.823
0.000
0.000
3.638
0.364
5.246
11.712
99.551
0.000
9.335
9.713
24.235
1.084
0.000
0.666
0.135
19.319
0.948
3.439
0.000
0.000
1.111
0.000
1.701
0.000
11.948
0.694
1.890
2.371
0.000
2.538
1.818
11.837
0.000
10.554
6.942
0.228
9.957
0.016
35.179
16.213
0.174
0.000
15.944
144.213
33.618
1.093
0.042
0.000
0.411
0.193
0.000
1.537
15.613
0.000
24.106
0.000
0.742
0.000
44.723
63.355
0.038
4.777
49.199
46.037
11.506
27.602
0.274
0.034
0.000
5.627
1.232
4.093
38.988
0.245
1.893
0.470
0.000
10.229
0.222
19.381
46.338
0.022
0.000
3.399
3.755
0.000
8.514
0.013
0.000
0.000
0.031
131.257
0.000
0.218
1.804
0.000
1.337
0.000
0.000
1.422
70.849
0.235
3.463
0.459
0.000
0.000
0.000
25.463
0.002
201.306
0.264
0.000
14.165
5.525
0.553
10.583
2.639
10.854
4.522
0.021
16.173
6.494
0.024
0.070
0.002
1.986
0.474
0.078
24.804
2.691
7.219
13.362
0.000
24.511
7.104
0.970
43.117
1.271
0.000
58.178
28.571
6.761
2.304
7.153
7.144
14.890
27.195
65.991
22.807
11.396
0.297
27.420
2.217
6.501
43116.484
0.000
0.000
0.054
10.407
3.450
4.982
103.983
0.480
0.034
0.190
0.000
2.846
157.062
254.946
0.000
4.094
16.309
0.448
33.136
0.407
1829.350
4.999
4.269
25.893
1.313
0.021
3.462
9.797
1.536
0.000
0.031
0.700
10.904
0.022
0.006
7.682
0.719
1.660
0.000
0.012
0.000
48.077
0.040
0.624
1.301
36.814
0.838
0.012
0.000
49.398
0.078
0.317
0.969
0.034
0.000
0.000
22.511
0.000
62.409
25.239
0.937
7.184
7.235
0.528
0.024
0.000
0.007
0.134
0.000
7.384
39.020
5.036
0.000
1.342
0.000
10.964
2.016
0.380
0.051
0.000
0.000
0.058
0.969
14.967
0.000
1540677.375
0.327
0.310
14.897
0.000
0.148
0.307
0.025
1.220
28.127
0.000
0.000
0.215
0.000
0.000
127.539
2.059
1.269
0.007
45.862
1.826
77.905
7.908
0.522
3.348
0.035
1803.456
7.742
0.000
0.068
0.198
0.082
0.000
0.000
0.795
0.986
0.367
0.090
12.920
0.462
124.927
0.704
16.911
0.000
0.019
0.445
2.515
40.054
0.177
4.372
5845.279
0.000
0.000
11.758
2.464
42.077
0.000
327244.844
18.688
2.174
4.451
40.092
1.512
0.007
0.085
1.253
0.694
7.890
0.589
173.465
2.501
5.199
1.803
1.307
41.681
0.001
0.982
9.009
8.370
0.402
0.031
3147783.750
0.925
0.000
33.978
0.012
1.002
480.811
1.201
0.000
6.174
3.309
0.000
62.460
13.757
0.000
10.294
2.466
0.000
0.007
0.031
0.000
0.277
32.672
1.043
217.592
0.000
0.000
0.529
0.009
6.979
0.000
0.190
0.044
14.820
33.688
0.000
0.281
1219834.625
1.718
0.253
0.083
1.511
0.481
0.000
1.314
0.926
53.060
2.177
5.325
1.320
1.224
2.497
58.567
0.101
0.000
1.089
42.242
0.260
0.025
270.421
0.327
0.000
0.255
3.722
0.174
0.000
109.988
0.000
0.291
0.637
0.000
0.000
0.296
2.158
29.245
0.020
0.000
93.819
0.643
4.335
15652.165
0.090
30.798
6.552
0.136
51.029
0.000
14.545
0.970
0.020
0.579
2.718
7.192
0.000
189.415
0.076
17.879
6.666
0.135
0.000
0.051
0.000
18.072
0.000
1.418
95.564
0.029
2.870
0.006
31.606
0.089
3.096
1.556
0.000
0.000
26.090
0.373
2.667
27.967
0.000
0.000
5.420
0.080
11.524
13.225
0.000
32.111
0.277
0.000
34.896
0.000
6.214
45.104
54.920
0.436
0.000
36.831
1.251
0.129
0.055
0.690
0.694
1.125
27.752
157.536
11.214
0.006
8.342
1.820
0.000
1.523
0.270
0.000
0.000
9.456
21.632
1.793
0.142
0.028
0.000
0.000
5.840
137.980
10.433
5.449
0.170
51.980
1.362
34.301
35.614
1.408
3.179
20.849
0.310
0.202
0.423
2.166
1.467
7.972
143.521
12.273
0.000
157.473
3.742
0.437
0.508
12.404
48.413
0.000
9.890
0.000
3.421
0.207
0.000
165.813
30.123
1.430
6.096
0.478
0.320
16.101
0.850
0.422
1.593
100.581
24.199
3.276
73.937
4.773
0.478
45.669
0.734
802.339
3.166
2.042
0.184
0.967
1.738
56.406
0.107
0.000
0.573
0.000
0.000
0.096
0.997
0.000
43.101
13.380
59.413
7.894
21.027
0.008
0.000
71.941
0.000
0.252
0.049
0.580
0.008
15.033
0.055
0.000
0.000
0.049
31.009
1.214
7.665
20.188
2.441
0.000
0.270
0.039
112.864
0.000
0.005
0.000
3.706
0.013
0.408
1.832
0.000
0.007
0.396
26.939
0.103
21.763
0.001
54.114
0.354
0.762
4.253
162.491
11.176
0.000
3.002
4.869
182.374
2722186.000
21.153
650.895
13.465
2.245
0.398
266.650
0.127
14.061
75.654
22.512
0.165
20.851
0.278
0.000
0.218
0.186
0.363
116.907
0.488
0.000
27.441
0.000
7.845
29.569
0.262
0.000
24.430
0.180
0.385
1.506
0.829
0.000
0.372
0.064
0.032
1.031
22.494
5.318
0.000
0.180
0.617
1.228
8.047
0.000
1.292
0.316
0.006
4.448
0.395
6.436
48.961
1.794
3.967
0.077
80.357
26.803
10.314
9.087
5.829
47.638
0.138
0.146
2.723
0.000
3356.270
139.081
0.000
13.307
0.304
1.416
56.315
0.304
7.415
0.247
0.000
0.214
1.310
1.379
0.096
0.371
479.150
0.000
0.000
0.003
38558.164
0.413
20.378
0.015
0.407
0.000
0.000
0.032
20.136
0.000
9.512
0.475
0.180
0.111
3.348
0.000
0.000
4.290
0.386
0.591
262.311
5.097
1565.100
25.936
4.922
1.474
3.623
7.928
14.262
37.189
0.309
5.024
0.000
0.000
0.000
0.700
0.179
0.068
0.000
31.832
0.244
2.983
11.827
22.822
7.555
107.340
0.046
0.486
3561.022
17.811
26.428
0.026
0.148
0.113
153.707
11.832
4.367
1.225
9.240
0.000
61.479
11.957
2.486
0.288
0.715
0.373
1.477
3.802
2.692
132.094
6.268
16.253
143.223
0.000
0.075
0.058
2674.401
0.038
4.243
4.231
0.000
7.334
0.414
0.000
0.722
1.163
0.000
0.033
14.732
3.628
10.419
0.000
3.753
0.000
0.329
20.790
128.356
16.406
0.000
8.124
5310.269
4.990
0.086
0.000
1.316
4.272
1.368
2768.792
2.092
0.000
0.354
0.831
1.133
0.007
0.000
2.009
0.039
1.774
0.049
1.075
3027190.250
7.579
0.000
26.712
1075.559
0.000
0.000
0.029
1.744
17.862
0.000
0.530
1.772
0.533
0.000
906.101
0.399
5.754
1.469
153.340
0.595
12.376
0.000
6.996
0.000
0.000
50258.941
4.188
0.252
0.000
2.877
11.457
22.155
5.384
204.716
1.444
2.535
0.000
90.115
0.074
0.173
5.610
0.222
73.183
28.106
4.515
0.000
0.434
266.239
0.324
0.518
7.197
34.949
1.417
0.023
0.088
559.863
0.408
8.166
7.661
0.337
0.118
38.655
0.000
0.515
11.411
24.235
0.421
0.444
0.000
0.000
0.005
0.848
4.356
0.254
3.460
29.410
3.034
0.035
366.672
0.000
6.968
0.000
2.902
5.005
0.000
2.955
25.721
3.183
124.322
1.302
429848.906
0.917
2.997
0.232
8.795
9.996
19.932
1.687
0.289
19.019
1.448
0.089
0.335
2.706
2.712
39.317
0.000
8.151
7.218
5.978
234.215
0.000
38.007
0.694
0.076
2.269
39.696
0.748
3.903
0.061
0.849
183.347
5367.718
0.069
18.531
0.028
0.628
0.000
0.202
0.873
1.832
0.114
0.564
7.759
0.001
0.071
0.000
26.555
8.209
0.000
0.769
0.000
0.104
0.023
26.655
0.002
0.003
0.028
5.554
1.339
13.722
0.000
6048.307
0.000
5.484
4.027
15.995
0.053
0.000
5.219
18.355
0.000
6.182
0.049
0.000
3.229
15.066
2.406
0.937
5.277
15.379
1.611
187.018
0.745
1.131
1.158
0.606
0.000
6.882
0.000
2.543
9.574
17.391
0.137
0.504
0.005
0.993
0.000
0.190
31.029
18.460
0.000
0.032
0.966
2.194
0.716
0.012
0.000
43.465
4.854
2.078
31.245
189.861
51.289
0.000
0.019
23.977
0.277
1.404
4.029
0.457
0.983
10246.967
0.000
0.000
0.000
16.651
1.753
0.000
0.000
32.912
0.842
3.645
0.694
0.013
0.010
0.000
8.204
6.579
0.000
0.000
13.655
0.097
0.185
6.951
0.000
3.840
3.299
42.461
17.954
2.694
9.239
27.911
0.000
14.475
0.010
0.000
0.436
0.000
0.000
0.041
0.198
0.000
0.000
0.000
0.180
0.039
0.404
10.256
0.366
0.000
18.594
0.000
0.581
1.511
0.057
1.173
0.000
27.313
0.037
0.107
4.261
0.546
4.580
0.000
1.299
6.575
24.097
0.526
717.990
0.426
0.174
4.615
4.611
0.000
1.709
0.364
0.000
0.000
0.000
27.244
173.230
0.055
121.441
0.370
0.000
1.514
0.070
248.480
1.599
0.125
1.008
13.487
0.121
0.060
1.083
14.992
0.000
0.000
0.584
14.338
1199.594
0.000
48.096
4444.384
0.000
0.000
0.010
0.269
5.687
0.084
0.000
0.296
0.000
13.310
2.629
0.101
2.958
9.526
0.007
0.000
44.145
81.452
1.173
7.192
0.351
0.281
1.111
0.728
8.816
0.478
0.000
28.407
0.000
0.212
1.672
0.099
0.000
1.012
4.150
12.327
0.043
0.000
0.132
0.268
33.256
0.000
0.000
2.969
0.005
0.001
0.000
1.591
0.000
11.791
3.269
17.227
0.000
20.345
249.142
0.047
11.859
156.379
183.609
2.546
0.128
2.558
0.382
50.060
0.736
14.942
5.210
26.552
4.307
27.465
13.927
0.926
10.603
2.641
0.000
6.448
0.000
12.007
0.019
0.000
342.173
0.506
90.425
2.560
7.580
6.588
0.659
0.000
0.000
1.190
0.468
1.613
0.000
1.579
0.000
0.000
0.060
0.887
65.262
54.821
0.000
0.009
59.033
0.000
2991.320
0.750
2.969
0.564
12.331
0.334
0.016
64.822
5.078
0.628
0.724
0.000
56.416
0.000
103.860
1.229
1.929
0.128
0.365
0.078
0.828
0.000
13.126
84.699
6.962
0.496
0.854
0.090
0.000
14.155
12.340
1.141
0.255
24.230
32.671
0.000
0.106
1.975
0.035
1.495
8.126
16.718
33.359
1.496
0.152
68.204
9.092
0.000
2.558
0.007
0.112
0.644
2.453
0.312
0.006
41.415
25.967
7.765
179.346
0.000
58.775
0.000
1.385
0.000
2.398
3.018
0.000
2.240
0.375
0.000
0.000
0.013
0.000
0.000
25.753
0.279
0.038
0.000
2.418
3.320
5.099
0.000
3831.827
10.192
2.709
0.558
0.244
4.113
0.000
17.897
15.887
0.000
2.673
2.204
0.000
0.019
2.026
0.858
5.109
12.740
0.229
0.214
11.129
5.165
1.029
22.899
10.846
8.253
0.517
12.101
0.357
1.522
0.040
2.545
0.361
0.000
0.022
8.144
0.208
19.892
0.000
5.871
0.000
132.400
0.000
0.000
0.177
0.283
1.949
0.503
0.565
0.039
102.808
9.367
18.672
0.116
0.158
3.012
2.400
17.373
31.968
0.000
10.235
247.997
0.000
2.571
0.119
15.450
0.000
0.819
5.260
0.000
0.074
0.000
0.880
0.992
0.000
0.000
0.000
7.778
0.064
0.011
17.140
29.166
0.284
0.122
4.422
1.111
18.626
17.161
3.287
0.227
29.445
0.000
0.432
14.513
0.000
6.976
0.000
0.596
42.967
3.457
22.507
0.000
0.000
0.000
44.927
0.063
1.582
0.268
1.174
3.812
0.404
28.012
0.000
34.385
1.008
4.038
24.769
0.000
1.562
0.000
3.703
0.532
0.000
0.002
6.796
0.652
0.547
0.381
0.856
3.096
58.677
2.025
6.906
0.000
3.576
0.079
1.096
5.680
0.005
0.000
0.000
6.228
79.562
0.000
4.553
6462.824
0.000
226.127
0.012
0.213
0.119
0.760
2.861
5.574
1.787
16.814
0.284
0.366
0.082
0.000
0.051
0.113
0.000
0.117
0.193
68.291
0.000
726.678
97.537
0.299
0.000
1.291
0.000
0.011
0.047
1.988
49.620
30.989
37.121
1.903
409253.438
70.654
0.000
75.515
0.282
0.022
0.040
0.000
0.709
0.359
3.563
0.168
0.243
26.730
0.000
5.072
102.822
1.876
0.000
0.181
2.303
0.000
0.636
0.000
87.815
0.000
0.405
0.000
35.721
15.771
81.425
0.000
1.657
69.359
1.068
1.380
0.000
0.156
0.070
0.916
8787.402
0.114
0.210
57.151
57.354
0.000
3.791
2.673
2.719
2.643
11.022
0.999
0.983
8.191
0.032
435307.562
61.277
0.000
32.066
1406.155
0.397
0.089
1108929.625
40.196
1.730
0.000
54.035
638691.375
0.526
0.857
0.060
2.938
1.280
0.000
0.078
0.000
15.858
0.171
0.608
122.342
5.674
0.456
0.441
1.942
0.000
38.975
56.394
4.663
0.000
0.779
0.000
19.265
6.042
0.005
0.031
0.000
2806229.250
4.697
20.867
0.000
3.624
0.329
5.018
5.544
2.599
7.840
0.000
115.250
14.664
7.860
11.306
0.000
0.000
0.368
0.000
1.045
1.338
122474.914
0.602
0.844
85.280
23.984
0.073
0.000
0.494
0.077
0.000
0.384
6.538
0.000
7.301
0.029
0.000
0.990
0.083
1.993
0.043
0.188
0.694
1.562
0.000
13.215
8.115
0.000
0.004
1.160
0.000
10.370
39.290
0.846
0.073
13.277
0.414
12.615
0.008
1.223
5.271
107.688
20.877
0.041
0.000
15.254
68.081
0.000
6.134
17.205
1.073
0.083
0.137
9.322
12.386
1.641
0.038
0.000
0.272
0.000
0.000
0.000
3.431
0.341
0.000
162.556
0.214
1588.490
0.174
27.089
0.000
2.146
26.160
0.000
24.884
0.435
0.000
0.946
5.567
1.337
0.122
0.000
16.369
1.806
0.471
0.161
5.304
0.202
32.004
0.129
43.360
50.414
0.000
90.711
6.787
0.129
0.489
0.017
0.367
0.000
0.000
53.696
19.397
0.575
124.921
2.760
0.000
36.609
1.360
1.709
1.237
0.000
1.393
1.609
7.570
1.052
0.000
1.628
32.546
0.747
0.136
0.075
3.634
0.034
311417.812
1.129
0.017
36.569
18.703
0.000
14.528
4.561
3.812
2.218
0.000
23.085
7.463
1.112
0.000
0.060
0.000
15.519
5.096
7.041
5.514
0.478
0.020
0.212
0.000
88.575
4.317
14.175
2.689
0.109
106.605
5.231
5.178
0.237
4.847
1.345
5.386
0.000
0.319
7.274
46.383
131.747
92.741
0.021
0.459
0.597
62.831
0.152
5.271
1.596
16.198
1.799
0.142
1.487
0.504
0.010
7.576
0.000
0.212
2.418
3.434
5.962
5.125
0.000
0.014
1.103
0.202
11.921
0.000
0.679
0.000
0.009
30.192
0.000
20.248
0.000
0.000
0.170
76.375
20.307
0.477
6.111
55.660
1546.571
0.000
0.777
0.000
0.143
10.116
2.961
6.436
0.842
0.510
0.000
10.510
0.230
1.536
0.474
0.000
1150.567
21.444
41.171
0.000
0.000
0.108
20.606
0.387
1.130
2.955
2.929
1.594
0.000
0.043
90.056
1.112
9.292
0.006
0.040
1.193
0.000
3.135
0.000
0.211
0.554
1.151
0.118
6.542
0.043
0.009
24.937
0.000
4.457
0.169
32.651
6.033
0.496
9.738
0.139
0.000
2.238
19.827
2.041
7.803
0.056
0.000
2.873
0.096
0.000
0.032
0.046
0.000
0.000
4.938
0.078
0.117
0.194
0.135
154.961
0.000
0.000
0.177
289.756
433.948
0.019
1.665
2.641
0.307
10.997
0.162
5429.779
25.173
8.542
12.320
1.538
3.649
0.010
9.742
3.456
0.575
9.397
1.106
0.119
2.531
0.662
0.000
0.000
48.481
0.000
13.114
0.000
1.928
7.149
0.180
1.186
0.398
1.606
1.346
4.275
22.742
2.090
9.126
0.000
5.842
10.999
0.000
33.517
0.000
22.270
386.516
7.435
0.019
18.299
11.727
0.368
9.338
2.747
19.359
1.411
0.735
0.000
0.742
0.647
6.546
29.407
0.313
0.097
0.180
0.000
18.266
10.330
21.277
27.625
249.105
10.100
3.383
30.192
0.609
17.478
0.032
0.129
0.336
31.823
12.493
0.000
2.329
2.705
13.584
0.181
0.538
44.718
168.994
0.288
0.000
0.000
11.149
0.000
0.190
2.121
0.000
0.222
1.499
15.044
5.353
4.971
6.734
0.000
0.298
10.025
0.000
0.007
0.044
0.772
0.000
0.000
0.819
1.875
0.000
0.000
0.110
0.000
0.297
2.492
0.026
32.702
0.023
1.103
0.190
7.240
0.000
1.260
0.000
1.670
0.039
152.129
18.040
0.564
96.365
1.104
2.154
0.000
5.415
0.024
6.332
6.070
4.968
10.430
149.191
0.000
0.515
2.034
0.341
1.619
0.000
0.051
3.112
4.776
1.656
0.169
0.015
111.191
0.000
0.000
0.000
0.000
13.366
1.662
0.000
0.000
25.046
1.533
0.090
0.000
0.680
0.000
3.122
0.468
4.189
0.000
0.000
0.119
0.000
10.474
0.000
0.533
40.183
0.038
0.000
0.125
0.045
0.486
0.165
0.895
0.000
0.000
0.534
0.474
20.291
3.420
82.431
0.552
0.000
0.238
16.349
0.872
0.811
57.810
0.000
0.000
16.379
0.000
36.491
0.000
0.008
107.653
5.007
21.411
31.914
0.026
7.280
280.103
0.153
0.086
5.543
0.000
0.088
0.000
6.160
14.721
1486.988
0.000
0.147
46.108
7.288
8.955
1.329
160.846
0.014
49.732
17.017
0.208
1.119
0.004
0.657
0.367
0.072
0.000
2.026
0.000
0.010
1.690
4.472
53.357
0.000
0.000
17.865
0.320
9.580
0.020
3.443
0.012
0.511
10.444
16.277
0.160
0.016
16.407
0.002
0.097
0.000
15.762
3.504
9.272
0.000
2.242
0.069
0.000
0.281
0.000
0.286
6809.159
0.000
0.567
21.771
206.530
0.005
0.247
0.348
73.250
9.519
12.012
0.097
5.089
0.402
0.056
1.659
0.000
20.409
1.369
4.115
0.000
3.984
0.954
22.845
0.000
105.125
17.672
0.199
0.904
0.036
0.003
4.872
21.953
0.147
0.522
10.289
0.000
0.096
3.577
0.000
163.036
0.000
0.146
268.898
86.945
2.251
127.796
0.127
8.851
0.864
0.000
92.435
25.457
20.198
0.868
3.702
0.664
2.913
32.628
0.426
28.185
16.520
0.059
0.973
0.168
0.022
0.407
6.518
0.000
5.656
0.000
0.292
0.471
2.720
3.054
1.349
0.000
31.306
0.000
0.018
0.809
0.827
3.609
22.126
0.014
1.740
0.000
3.431
30.794
0.548
3.251
0.037
253.016
0.440
0.000
31.841
0.033
0.859
61.744
0.574
3.005
0.041
35.032
0.000
22.003
0.349
0.795
15.062
1.944
3.815
7.493
0.448
1.494
0.105
0.935
9.778
0.560
6.665
10.721
30.298
0.000
4.125
0.000
53.949
817.259
0.000
0.008
2.116
0.427
76.676
64.027
0.000
0.026
409.937
0.004
6.511
212.260
0.000
5.054
0.000
0.031
0.594
2.881
0.450
0.024
104.638
0.000
0.130
0.102
3.433
0.146
0.235
45.526
20.730
0.248
1.402
0.000
0.000
0.000
1.456
0.007
118.681
279.466
12.160
7.050
32.051
1.332
0.876
0.000
0.023
0.000
3.959
14.009
1.450
0.000
10.922
48.949
0.139
46.671
0.000
0.262
0.013
29.498
0.077
0.127
0.345
13.533
0.087
136.352
0.000
0.365
3.079
0.000
0.220
46.520
1483322.625
17.706
0.014
0.193
462.658
47.033
0.000
0.607
55.517
4.464
8.379
0.056
0.066
0.275
0.013
0.023
9.865
12.558
0.000
0.555
1.228
0.000
20.223
0.912
116.492
0.000
0.722
0.266
0.176
0.128
10.897
18.720
43.935
216.522
0.000
0.000
0.000
5.882
59.448
0.000
17.809
8.719
14.470
1253.835
0.045
9.945
2.296
0.739
1.312
8.325
0.000
20.418
0.567
0.566
0.000
0.551
9.276
0.128
0.000
21.417
0.000
0.000
13.481
0.120
0.000
0.000
4.872
157.252
0.007
0.527
1.500
47.744
112.021
0.000
3400.566
4.143
256.232
0.000
2.472
25.069
0.158
0.109
0.000
316.498
0.021
324.588
166.785
1.381
18.698
201.802
65.386
0.702
2.270
9.794
0.000
2.286
0.677
0.861
0.093
759252.625
23.308
5.765
0.000
115.708
139.261
0.874
41.214
0.528
2.360
0.194
0.000
0.000
0.104
1.236
0.691
0.412
0.642
0.828
1.221
9334.412
71.745
66.745
0.151
0.000
5.396
0.394
9.587
0.984
0.535
221.046
3.463
24.219
5.500
220.610
19.153
0.005
49.440
0.000
0.504
1.099
1.652
0.137
5.165
7.744
2.463
1.358
0.000
0.653
2.544
0.314
16.361
44.640
0.000
0.069
0.019
0.000
0.276
0.000
9.254
4.617
0.731
3.119
3.230
0.000
0.913
0.000
0.454
2.621
47.209
127.826
0.196
0.743
2.410
0.000
1.262
0.000
0.000
0.031
11.984
41.110
11.244
61.350
0.285
0.442
16.448
0.000
0.113
137.856
1.097
0.000
0.929
9.315
2.450
0.059
0.715
158.735
1.354
0.032
0.023
34.107
0.000
294.227
0.018
0.000
5.805
2.134
0.000
0.099
1.129
0.000
133.510
0.292
9.523
0.439
0.026
64.537
2074018.625
0.152
0.711
19.225
0.014
0.009
51.256
0.162
0.000
67.574
4.893
0.090
0.273
139.562
121.628
150.841
43.322
0.396
0.380
0.014
0.073
0.324
0.000
0.080
41.332
49.200
0.000
10.874
0.000
2.533
571.590
0.204
0.000
0.521
13.803
5.834
116.263
2.844
1159.380
0.356
14.410
213.753
0.000
0.000
15.078
1.194
0.364
0.000
8.790
2.511
0.000
0.269
83.761
53.567
0.002
0.169
8.124
1063.716
2.568
5.553
1720826.750
20.380
0.000
0.097
0.531
0.000
1.695
1.107
0.600
0.000
2.870
0.000
0.000
80.904
0.102
2.169
2.433
1.849
0.718
0.014
0.000
8.471
5441.621
1524.823
0.445
0.000
83.664
0.000
0.370
2.175
7.080
0.535
0.000
0.000
0.058
0.028
6.159
38.057
0.039
0.467
77.325
9552.029
8.157
0.112
1.254
0.053
0.000
12.589
28.608
0.000
0.824
15.443
0.000
8.947
0.000
0.384
4.570
2.389
58.479
0.000
0.267
0.000
0.101
31.221
0.000
16.092
0.916
0.037
0.242
1.127
0.000
0.430
1.732
24.557
0.130
3.708
0.000
0.000
0.000
2.944
0.000
1.126
0.000
0.000
0.433
0.401
10.384
0.000
154.008
0.243
0.000
0.027
79.481
0.044
1.806
1.743
0.000
0.000
0.640
3.289
4.741
0.000
0.362
65.664
125.551
56.527
0.000
1.306
0.258
87.194
0.939
5.370
125.157
9.007
46.282
1.280
0.000
35.403
8.569
31.288
1.753
0.000
0.942
0.000
12.958
21.369
0.015
0.022
39.441
30.596
0.048
1.490
7.394
0.000
0.671
0.403
0.129
0.036
0.005
41.952
0.370
0.291
1.731
0.283
0.169
0.456
0.000
0.000
12.551
1.313
3.225
21.677
0.800
0.000
4.102
0.000
0.798
0.190
0.087
0.161
1.353
208.873
5.725
35.711
0.426
97.699
0.000
0.122
0.006
0.006
4.439
0.072
0.752
0.000
0.087
0.000
0.000
59.706
1.756
0.136
1.301
0.318
0.000
2.622
0.041
0.000
0.000
0.010
0.017
0.241
1.281
0.103
0.129
0.000
499.421
0.000
0.547
124.565
0.054
0.756
2.564
0.094
26.877
11.754
227.465
27.382
320.092
3.259
4.227
9.781
6.069
0.000
0.000
0.000
0.000
0.000
1.301
7.187
0.172
0.222
3.311
8.220
42.669
1.863
0.000
0.000
6.302
85.744
8.031
24.215
35.285
50.072
0.227
0.000
171.110
0.000
0.771
133.251
0.000
0.205
0.000
0.000
686.953
0.000
45.429
1.804
1.872
1.062
0.009
0.229
0.000
0.000
3.110
3.193
8.427
10.224
14963.521
11.672
0.000
18.489
494.675
2.369
2.479
0.000
0.384
0.000
13.019
0.000
3.785
8.509
0.468
15.334
0.024
0.055
26.557
5.309
0.145
0.989
0.000
5.877
251.189
324.577
2.753
5.532
0.000
0.234
3.191
1.045
0.069
0.000
60.321
10.863
0.181
0.173
0.120
26.018
3.272
54.176
80.380
1.797
6.260
0.205
0.901
27.305
0.003
6.886
0.000
8.738
7.267
4.744
4.809
1.146
0.000
20.119
4.460
0.341
5.250
0.000
2.202
0.664
1.163
0.000
5.431
0.000
0.452
0.000
12.919
0.130
1.359
75.397
54.219
0.154
0.251
0.000
0.000
1.454
0.040
0.006
4.291
0.053
3.896
0.187
0.130
2.323
1.239
4.130
0.000
11.016
23.791
0.000
189.942
0.000
0.804
0.239
0.000
1.312
1.601
3.859
1.752
14.516
5.577
2.384
0.000
0.000
0.011
0.628
1.188
4.822
585.847
0.261
0.000
0.477
0.282
0.000
0.000
72.886
40.643
30.046
5.973
0.495
0.000
0.000
0.449
1.141
27.631
9.159
0.436
26.678
44.881
360.784
113.076
122.293
1.985
0.012
0.329
0.152
36.444
0.000
3.995
28.967
0.000
0.415
0.000
1.161
0.162
1.020
0.383
0.171
0.000
0.778
0.026
1.662
0.000
8.240
26.372
0.662
0.000
1.984
6.771
4.578
0.000
217.450
0.000
17.180
0.000
0.061
0.093
0.022
8.283
0.000
5.800
15.411
0.000
5.473
0.004
2.556
0.395
0.148
1.289
0.152
504.959
1.350
955011.000
2.440
0.000
0.000
1.120
0.000
85.723
0.283
0.031
53.060
0.071
30.404
0.000
30.603
0.000
1.723
0.000
7.660
0.968
8.600
0.840
5.016
0.000
16.282
0.171
5.104
11.724
1.860
0.000
0.794
0.000
0.000
50.190
2.629
4.256
0.417
6.714
2.989
0.326
8.904
1.170
1.390
4.604
0.115
161.390
5.875
0.954
14.813
137.634
3.532
0.000
1.758
0.369
0.161
0.188
27.321
0.000
0.000
19.321
4.617
0.000
0.000
0.000
345.442
0.000
0.072
62.517
2.020
0.393
3.304
136.341
0.000
11.453
0.000
0.911
0.574
75.502
0.403
6.328
5.134
40.625
0.630
34.890
13.779
0.000
7.958
0.002
0.008
0.000
15.270
1.574
0.465
0.367
24.693
10.331
30.455
5.263
0.610
10.368
1.080
0.314
0.000
13.312
11.805
0.000
116.304
0.000
0.000
352.617
0.367
0.963
0.000
3483321.750
0.076
7981.869
5.972
4144.875
0.002
6.681
0.084
4.522
0.071
23.849
0.002
0.336
0.145
14.564
5.084
0.220
0.019
6.172
0.000
2.216
19.104
0.232
4.159
4.840
47.316
2523.935
1.233
12.538
0.026
1.054
5.201
1.471
0.029
0.091
1042.695
0.107
13.802
0.939
24.789
5.796
101.166
1353947.125
14.590
38.735
0.315
61.631
5.559
21.364
2.335
0.034
2.662
0.356
6.055
0.096
1.158
64.765
8.542
0.198
4.164
12.724
181.303
0.000
0.000
0.000
0.111
7.580
0.485
1.253
0.037
0.000
0.013
17.430
0.032
3.665
0.000
29.142
0.000
0.059
1273.826
0.259
5.827
0.595
51.941
8.864
0.780
0.103
90.423
0.030
0.000
1.754
0.218
0.218
1.650
0.000
2.990
0.087
6.949
3.741
0.502
0.378
0.364
3.274
0.461
0.000
2.601
14.077
0.007
74.154
0.263
4.575
6.044
0.654
0.007
13.992
6.313
8408.478
27.404
1.352
0.581
0.128
0.000
0.000
2.406
13.981
0.253
72.417
53.114
39.302
1.464
0.000
0.530
0.942
6.927
1.953
0.999
0.191
0.047
15.179
0.876
1.670
0.000
10.480
2242.339
0.000
0.082
19.845
0.311
11.232
36.797
0.000
14.856
6.330
0.117
0.000
2.159
5.855
0.186
0.000
0.000
0.165
0.089
22.827
18.297
56.013
6.500
2.680
0.002
8.126
26.679
2.287
0.148
42.580
122.509
0.093
50.232
0.031
0.000
0.385
0.311
42.678
0.000
1.576
0.000
35.330
0.000
190.498
18383.238
10.721
2.493
0.612
0.034
4.053
0.986
54.290
0.026
2.841
7.017
43.924
3.345
22.000
30.555
4.206
0.448
1.096
0.000
0.267
4.141
5.691
3.106
7.330
0.157
5.731
5.468
0.000
5.080
0.273
0.000
1.852
43.383
0.720
38.519
15.051
55.940
23.121
11.459
12.321
0.004
56.314
2.594
0.073
10.272
1.785
160.768
9.297
0.366
7999.685
0.874
0.324
0.000
3.899
0.000
0.533
8.556
0.035
0.000
46.441
0.405
0.840
895.246
4.424
0.023
0.000
0.000
0.179
0.238
16.449
33.241
12.400
0.000
0.027
0.000
7.601
0.220
0.127
1.675
0.000
5.888
2.044
1.332
0.155
2.452
10.100
0.000
0.008
0.820
0.000
0.026
0.268
0.209
0.265
55.134
1.447
0.000
0.000
4.915
14.265
50.488
0.000
8.477
12.275
0.000
0.000
0.104
190.343
30.103
212.609
0.036
292.973
0.000
5.322
0.030
0.811
6.025
0.108
3.620
15.977
0.925
1.839
24.691
0.028
268.323
13.788
124.546
1.704
0.015
48.754
0.038
7.611
0.238
24.664
0.000
7.167
0.197
0.000
44.561
73.259
209.007
0.178
0.012
0.000
0.204
13.541
7.756
96.686
1.756
0.120
0.000
0.000
54.655
7.912
0.000
0.000
1.612
32.179
11.959
0.000
19.084
0.001
0.000
7.736
0.031
1.927
0.122
5.620
1.317
11.340
28.736
20.052
9.219
0.000
0.000
3.684
0.536
0.000
0.097
0.568
0.000
5.935
0.000
0.000
1.693
0.114
0.091
21.474
0.000
1.136
3.170
3.214
0.000
119.613
0.000
9.705
0.672
0.000
0.000
0.000
0.000
3.044
0.000
0.000
7.343
0.840
2.937
5.534
0.714
208.177
104.314
0.000
0.204
1.234
0.258
3.871
0.107
9.425
105.700
0.109
0.000
13.660
0.814
282.112
2.283
1.604
0.000
0.000
0.032
0.190
90.413
0.050
0.000
983812.250
1.709
0.000
0.615
0.985
4.970
0.000
0.669
0.204
0.171
1.321
37.834
0.024
0.000
65.274
2.601
62.064
0.079
0.000
0.150
0.007
6.113
6.852
0.479
0.852
0.000
0.003
0.000
58.277
23.140
1.400
0.083
42.035
14.948
7.925
0.106
69.173
0.036
0.013
0.080
762.536
9.593
2.872
0.098
46.634
0.508
0.538
1.640
1.666
5.901
2.884
0.124
25.502
1.422
0.000
38.118
0.546
0.000
21.519
0.000
67.880
0.000
1.679
0.090
0.873
0.008
0.272
0.000
5.174
24.290
0.038
16.730
0.082
2.250
1.313
