18.748
0.000
20.841
0.000
0.000
12.086
0.000
8.940
0.000
0.051
4.596
159.681
542.306
8.779
0.000
0.059
0.337
0.576
0.000
1.132
0.082
0.015
14.001
26.301
2.762
0.000
0.000
8.825
0.000
0.000
0.240
32.188
0.098
0.125
0.292
0.000
0.213
28.048
29.651
0.418
0.000
79.630
0.000
0.294
5.616
0.000
11.972
0.233
0.000
8.999
18.544
0.086
0.454
1.367
0.000
2.636
6.400
8.482
42.861
0.106
0.000
0.000
0.000
11.224
0.000
13.546
0.000
0.000
5.742
1.783
9.049
1.759
0.031
0.334
0.203
49.896
1.854
3.987
37.722
0.787
0.000
10.954
4.522
0.456
354.722
0.000
10.499
0.000
0.000
68.249
8.997
4.992
0.000
0.046
61.391
13.596
0.000
0.000
2.540
0.079
3.930
0.719
0.000
0.375
0.000
19.220
0.000
0.011
6.131
30.852
8.839
10.073
3.833
10.112
0.000
0.809
0.000
0.000
0.105
0.000
2.217
0.000
8.665
21.234
9.973
0.053
0.000
1544.900
0.947
12.452
0.000
22.616
1.444
1.195
0.000
0.000
0.000
0.000
30.801
0.091
0.098
80.762
45.118
0.000
0.000
0.008
0.000
0.459
971.337
344.798
0.000
0.115
0.350
0.000
0.000
3.462
2.670
2.781
57.949
2.581
0.305
0.105
20.586
9.014
0.000
0.495
20.111
5.842
8.998
8.228
32.261
0.000
4.532
0.340
3.453
0.074
1.213
2222.714
0.138
5.958
0.000
0.000
1.132
0.000
11.992
0.000
0.000
0.236
0.000
0.000
9.979
0.906
16.363
0.000
0.000
1.900
11.915
0.261
0.023
1.684
13.176
15.743
1.544
0.013
0.152
27.799
0.000
159.971
22.967
28.109
0.221
82.359
0.000
0.000
8.472
4.029
27.094
69.495
95.857
0.000
0.054
1.449
2.151
38.154
0.000
0.000
0.000
0.000
0.000
0.221
10.868
0.000
0.000
3.827
0.000
0.000
0.000
53.568
43.089
9.263
0.446
16.079
237.996
36.029
0.000
1.580
51.607
144.966
9.706
53.414
0.000
13.810
0.031
67.787
0.000
0.000
2223.184
0.039
0.000
17.020
0.000
0.195
0.027
191.199
24.267
229.117
0.966
2.636
0.054
0.017
0.000
0.000
0.000
0.279
24.867
0.809
333.629
8.707
0.000
0.000
7.142
0.523
164.845
0.258
0.000
0.045
0.445
0.000
0.000
2.213
1.921
0.026
0.011
0.164
0.000
0.110
0.063
0.000
0.055
34.645
0.000
1918795.750
0.000
43.528
0.000
23.544
0.416
3.924
0.000
0.000
466.300
0.059
2.966
0.103
37.339
0.515
0.000
3.223
23.698
26.352
0.000
0.000
1.389
20.838
0.204
0.000
9.014
0.020
22.372
0.000
1.644
0.000
0.411
118.433
0.010
10.011
126.767
0.000
8.764
0.216
0.841
2.814
0.000
0.042
0.000
8.889
5.241
0.000
16.146
0.000
10.990
159.806
6.828
17.487
0.000
0.838
0.000
5.504
0.030
35.921
25.535
13.330
0.000
0.000
0.000
14.486
0.013
0.001
19.269
0.024
0.000
31.653
29.605
0.000
0.000
9.301
0.000
0.141
2.549
1.236
3.019
0.366
0.000
0.106
0.000
103.911
3.403
0.018
10.978
16.451
8.630
43.699
0.047
0.000
26.950
1.471
0.000
12.220
0.137
184.054
115.537
0.028
12.103
1.478
0.000
50.820
1.948
29.738
0.000
0.000
0.371
0.278
145.785
0.059
0.096
0.000
8.110
8.997
0.000
104.071
0.000
3.988
18.228
10.055
0.083
1.200
374.920
0.000
1.551
0.000
15.364
15.775
236.184
0.007
0.606
0.000
2.305
0.076
0.000
0.000
0.110
0.011
0.000
0.000
0.003
0.044
1.972
4.844
5.717
0.378
5.211
0.000
1.847
0.000
0.000
0.145
141.382
0.820
474.258
21.401
0.000
9.783
0.000
0.000
18.145
16.919
0.524
0.134
253.095
0.059
0.000
0.127
0.000
16.385
0.003
10.160
3.848
142.517
9.115
0.000
6.136
0.000
11.331
28.141
0.000
71.773
6.893
0.009
18.615
62.631
0.000
0.000
0.028
0.000
0.000
0.013
39.295
0.367
0.162
0.827
20.476
0.011
26.559
15.570
0.000
9.982
0.000
0.000
0.142
0.000
0.000
0.794
0.538
10.837
0.000
1.517
0.000
0.897
6.541
6.628
0.017
835.418
56.943
0.292
0.000
0.000
2.089
12.150
0.435
0.000
0.000
2.178
0.000
3.625
0.000
0.000
18.964
0.074
1.821
163.945
0.024
0.838
9.116
16.301
0.063
1.773
42.791
0.584
0.827
0.051
76.522
20.609
1.549
0.000
29.349
0.000
0.081
0.007
2.676
260.127
0.000
50.731
1.053
0.013
0.000
0.000
0.001
0.846
94833.273
72.598
1.829
0.000
0.000
0.002
41.892
0.103
0.003
1.038
1.337
0.000
0.000
6.878
22.826
0.000
0.000
127.916
0.000
11.759
3.794
0.000
0.427
0.394
87.383
25.439
2.733
0.000
0.076
0.000
0.066
107.685
0.152
26.072
0.000
0.000
0.000
0.000
11.646
0.000
2.536
0.000
11.164
20.853
0.691
321041.438
1.592
10.270
484.315
0.221
13.543
0.107
280.595
22.845
5.362
347.708
0.000
4.546
0.249
10.262
0.327
2.569
81.840
0.000
21.535
2.362
6.163
0.000
0.000
0.000
0.953
0.000
16.156
0.038
0.000
0.273
1.751
0.097
0.004
1.022
0.000
0.000
0.000
0.000
0.502
2.536
12.623
6.026
11.425
10.261
3.544
0.000
19.346
0.302
0.000
1158.263
7.270
0.000
7.394
5.428
9.143
0.147
0.000
68.914
0.000
40.864
0.000
3.248
0.308
0.903
0.300
0.159
0.256
0.000
0.402
0.000
0.101
0.386
15.989
27.287
17.309
0.137
0.000
3.829
257.427
0.012
4.118
0.000
0.000
0.000
0.000
5.961
0.096
850.730
53.441
0.000
3.549
17.659
2.062
33.313
0.000
0.000
0.469
0.000
0.000
66.213
9.574
0.000
2.886
43.611
9.902
0.001
2.934
3.710
10.668
128.481
0.000
0.000
0.149
1284.940
3.568
0.086
36.457
0.497
2.692
1.370
21.735
5.874
171.207
13.389
0.000
14.806
2.883
0.095
0.000
0.087
4.181
6.878
0.860
0.055
0.000
13.783
0.326
4.746
9.936
14.013
0.000
0.000
0.000
0.005
0.112
29.331
0.000
0.000
11.245
8.926
25.146
9.257
0.001
0.081
3.544
0.000
12.667
0.000
9.083
2.884
0.000
26.834
14.388
317.045
22.743
50.727
0.000
0.000
13.665
19.094
39.467
0.276
59.847
0.000
15.175
0.000
2.064
0.000
0.000
0.000
2.508
1.867
0.189
28.060
9.134
0.317
0.000
11.903
0.812
0.000
215.558
0.000
122.030
15.754
1.095
1.170
0.000
42.705
34.228
0.652
0.000
0.172
0.663
0.000
0.000
9.875
18.084
0.334
0.130
1.597
0.258
0.078
2.769
1192.919
1.080
0.000
0.000
0.017
14.872
0.000
0.000
2.976
2.228
0.000
0.000
20.025
72.270
98.027
0.000
10.693
19.299
0.091
1.978
7.016
19.241
0.945
18.161
2.134
0.000
3.537
1.999
0.000
80.735
11.179
0.000
775.243
25.012
0.000
0.000
69.812
3.129
22.675
0.000
0.000
21.433
22.198
0.000
1.551
0.242
0.241
0.000
0.000
0.280
4.456
0.000
0.364
0.000
0.035
8.640
0.400
0.000
0.615
0.016
3.011
134.553
14.849
9.694
10.689
251.585
0.202
0.399
0.000
38.325
0.000
7.017
1.242
181.817
6.455
0.000
0.484
5.626
192.599
0.000
66.046
0.008
0.096
13.226
16.935
11.316
0.480
37.169
26.255
0.000
10.077
0.012
1.005
0.649
3.595
1.248
0.057
8.866
964119.938
37.811
0.023
0.708
0.150
0.023
0.000
1.270
4.691
9.194
99.458
0.423
0.210
146.945
269.909
0.000
32.121
0.184
0.234
0.000
0.000
0.000
0.086
0.020
0.009
41.310
0.056
0.000
14.810
0.046
1.277
60.286
1.117
66.142
4.237
0.000
2.083
0.000
0.518
44.033
4.931
19.612
24.610
0.026
9.208
9.645
0.201
0.000
0.000
0.000
0.764
0.027
0.135
164.861
0.000
2.322
0.274
1.966
0.000
8.332
0.063
104.091
0.007
11.391
0.000
0.110
4.351
0.000
0.000
3.690
0.056
37.375
59.216
0.000
16.720
0.000
0.000
0.000
22.770
0.594
13.709
1.039
0.277
223.194
9.349
11.305
0.000
93.668
0.000
0.569
0.000
23.229
0.016
0.000
189.831
0.238
2.361
0.099
120.520
1.132
12.838
0.000
9.679
0.000
0.000
0.187
0.023
8.999
0.000
11.969
50.887
21.196
18.620
7.005
4.164
18.307
9.850
0.181
0.000
9.483
24.062
0.363
0.591
7.867
0.000
0.016
1.201
0.346
0.106
1.329
0.000
11.703
10.251
0.000
0.000
0.039
0.000
4.636
102.367
22.152
0.002
0.157
0.307
123.746
0.000
45.778
0.531
24.036
0.000
0.000
1.573
21.853
22.448
0.411
0.050
1.714
0.412
0.000
0.084
59.974
4.301
0.045
10.694
50.832
0.000
0.134
3.150
35.690
8.089
1.497
8.661
12.003
4.381
0.099
250.490
26.530
13.894
43.844
15.591
9.789
0.756
0.000
13.906
30.105
0.723
1.151
35.610
0.000
152.522
0.000
0.000
0.566
21.755
0.056
0.542
161.866
0.000
0.000
0.000
0.000
0.000
0.002
4.883
0.000
0.492
7.995
0.000
5.804
9.253
31.504
40.412
0.011
0.000
0.535
0.093
0.000
0.000
0.000
0.000
0.000
0.178
0.000
0.498
0.946
0.316
0.000
0.208
1.685
118.024
16.531
9.034
0.000
5.112
7.385
0.002
18.652
0.249
0.000
2.564
0.000
15.708
12.729
0.000
3.570
0.194
6.198
0.660
0.017
0.000
0.003
0.000
9.459
0.000
10.457
6.906
17.973
0.170
0.000
0.362
0.000
0.000
0.000
4.848
0.000
0.000
5.407
0.091
14.692
0.062
347.243
2.380
0.306
0.000
0.000
0.026
26.874
0.225
0.146
2.728
33.269
0.112
5.682
0.000
3.737
1.878
0.075
0.000
0.466
0.185
0.755
0.129
0.003
0.000
4.656
0.098
0.374
0.000
0.000
0.000
0.000
0.000
217.658
86.475
9.885
0.026
522.973
5.285
0.185
0.144
0.000
14.381
28391.904
0.000
0.315
0.000
95.681
0.039
0.000
6.768
9.391
0.000
0.000
31.603
14.754
134.420
0.000
0.550
0.079
1.833
0.347
1.810
0.737
0.000
0.428
0.000
7.127
0.234
307.674
10.623
27.590
0.642
36.755
1163.060
0.390
12.936
55.855
0.012
0.176
71.278
21.654
1.216
0.000
0.114
10.799
0.526
2.898
0.000
59.864
222.731
7.969
2607274.750
0.000
0.166
0.000
0.000
7.902
0.757
0.000
0.000
0.546
0.085
0.670
7.587
17.747
0.000
3.388
1.927
13.859
24.843
0.000
0.000
0.000
34.977
0.000
1.399
0.000
1.450
0.000
23.146
0.010
107.080
0.437
16908.744
0.024
0.557
4.749
0.090
0.792
0.207
0.635
146.107
7.784
0.127
12.112
19.656
0.135
10.270
6.646
0.001
10.923
9.000
68.453
0.088
8.547
9.938
0.000
57.344
6.959
2.389
0.000
0.013
9.513
0.809
0.878
0.000
1.491
0.000
0.063
0.000
1.723
14.375
0.300
0.000
14.577
0.119
0.000
102.408
22.025
3.722
62.440
0.014
0.000
0.359
0.506
114.997
1.873
0.000
1.133
14.250
1.095
19.756
0.156
332.380
0.142
0.152
0.000
1.025
0.000
9.269
2.990
0.858
0.071
3.890
0.240
0.000
0.439
7.243
1.362
10.871
221.848
23.401
0.215
66.065
0.000
68.673
4.788
6.892
0.185
9.136
1.218
0.638
12.477
2.473
9.684
50.644
0.443
0.000
21.195
11.654
0.012
337.534
0.975
0.000
150.655
0.000
0.016
0.073
40.204
1.295
0.000
0.000
8.419
4.206
0.276
0.644
0.000
0.000
0.883
0.000
0.362
71.032
4.690
0.000
0.031
2.484
0.000
0.000
1.221
1.473
15.237
0.000
1.002
25.619
9.094
6.594
19.744
4.358
0.912
1.006
0.000
0.071
9.551
0.091
4.980
1.696
2.011
289.157
0.122
0.027
22.701
0.000
41.655
0.000
0.065
8.889
0.000
11.573
0.015
28.226
7.858
0.000
9.548
1.440
0.004
0.043
0.000
0.000
50.730
14.554
70.406
22.407
20.556
4.529
50.060
0.000
0.000
10.461
64741.957
0.000
1.511
3.490
0.048
290.259
0.763
0.000
0.000
0.587
0.165
8371870.000
0.805
13.676
0.540
0.000
0.000
0.000
1.126
0.397
1.917
29.789
1.422
0.000
38.930
0.402
19.164
3.118
1.648
0.647
109.461
0.000
1.673
0.000
3.489
7.287
0.000
0.070
72.254
0.000
0.000
0.337
25.762
0.417
11.647
0.000
9.171
0.346
0.124
19.072
0.000
0.130
41993.484
38.155
0.000
9.089
1.241
1.618
352.059
2.492
10.476
1.696
8.939
66.192
0.790
16.072
12.386
63.680
0.000
0.001
2.234
57.359
0.218
248.923
3.633
0.000
9.424
1.465
0.000
93.124
25.101
3.498
1.090
0.000
0.000
14.713
23.855
0.000
151.295
0.000
12.339
0.000
11.040
2.327
1275.835
2.324
0.000
18.176
14.382
52.246
30.663
9.581
16.648
348.590
3.602
15.756
4.549
55.267
74.804
5.648
0.384
17.517
0.000
0.000
0.000
0.000
9.698
0.000
0.000
0.413
0.118
0.023
0.000
8.503
1.249
1.597
0.000
0.013
2.857
0.433
234.728
0.000
9.079
2.963
0.000
1.312
3.494
0.000
0.000
0.000
2.910
11.628
0.000
8.892
21.388
17.967
5.431
4.363
100.755
10.444
6.365
20.882
6.959
2.934
7.167
124.162
0.956
2.016
0.000
22.386
10.586
0.000
0.179
39.963
12.410
0.156
106.243
0.312
0.271
0.000
14.228
11.371
0.687
1.814
2.427
0.000
20.258
46.533
0.039
110.564
9.872
0.000
9.200
101.967
355.388
0.000
0.071
0.482
1.163
2.591
10.139
2.721
0.888
0.000
0.000
5.257
0.000
5.689
103.099
2.402
0.000
0.054
0.000
0.033
0.155
0.008
0.373
0.000
259.862
3.601
125.673
72.127
11.315
42.142
4345428.000
2.026
21.396
0.894
11.991
1159.060
551.404
0.000
12.646
5.947
52.735
0.042
13.067
5.031
13.603
0.609
2.129
0.327
83.499
73.876
2.626
1.112
0.000
14.379
1.427
0.645
87.857
72.703
8850.798
10.788
1.786
2.986
42.168
31.516
0.047
0.000
1.528
0.451
9.766
14.412
590.325
3.671
9.063
1.617
782.792
9.970
3.353
164.017
42.254
4.308
0.000
19.414
0.669
3.524
13.178
2.439
50147.758
0.752
4.993
27.212
13.235
1.322
1.651
0.452
18.645
145.630
69.294
0.234
1.260
28.067
257.782
0.610
11.136
0.193
9.000
12.722
21.419
85.917
3.369
0.077
5.404
29.777
3.739
25.378
11.637
10.556
35.484
0.729
31.997
14.357
15.556
149.827
0.000
58.023
24.401
15.979
8.352
11.519
32.831
0.336
66.803
2.236
10.529
10.634
1.714
8.886
0.431
0.506
10.616
5.266
0.057
3.708
1.390
15.838
2.329
180.033
205.137
28.980
57.936
0.000
0.090
0.138
4274.064
0.057
0.814
17.439
0.000
215.210
0.089
11.361
0.049
0.061
22.849
27.485
113.645
32.605
24.542
77.134
433.461
0.051
55.823
0.504
2.018
0.119
0.000
52.541
0.002
7.988
48.499
0.000
16.182
33.809
0.000
18.019
73.671
3.180
2.599
9.309
0.852
4.119
0.000
1.947
51.584
0.864
1.545
0.574
23.998
49.942
3.833
15.713
0.000
0.655
0.249
201.453
3.088
2.183
1614553.250
1.052
2.509
11.232
0.421
29.409
17.833
15.387
0.000
2.483
324.481
12.523
0.006
463.711
31.647
2.735
0.000
6.333
5.003
0.000
0.066
0.160
8.930
0.394
86.971
117.627
23.839
1.179
3.219
1.436
16.027
0.000
15.754
0.000
171203.203
1.206
3.337
0.000
0.275
0.000
9.646
1.229
0.071
16.466
385.744
5.810
6.788
10.107
3.905
1.390
27.044
17.710
1.296
0.087
8.839
19.042
241.245
2.622
5.259
6.750
1.532
19.048
8.903
1.746
2.653
188.856
0.029
0.000
1.340
0.248
1.141
0.302
6.832
0.015
0.079
69.154
0.000
0.000
2.683
4.301
0.446
0.216
0.000
0.000
0.000
0.000
97.307
154.186
16.447
13.248
0.000
3.102
14.326
0.352
2.989
1.726
4.828
0.003
1.051
0.559
126.879
0.000
63.977
138.448
0.000
2.565
238.876
256220.828
8.347
0.410
1.630
2.711
0.000
0.368
10.651
0.728
1.225
0.000
183.275
22.585
50.399
2.762
0.050
2.265
141.674
0.068
0.375
0.085
774.170
24.540
6.650
0.086
0.898
36.718
0.011
52.784
0.092
22379.656
12.160
0.000
102.274
21.743
0.974
547154.438
1.927
1.090
12.370
20.287
1.682
0.000
10.390
39.264
3.102
0.063
0.396
4.831
2.443
1.026
2.601
5646440.500
22.132
418.770
19.984
17.567
374.601
242.987
10.106
0.264
34.373
9.174
0.464
6.021
0.031
11.459
3.720
78.540
15.685
0.000
7.502
0.397
2.013
10.915
9.169
2.220
0.329
16.247
6.126
24.381
187.624
6220206.000
0.810
31.656
170.731
1.348
0.221
13.188
0.000
0.180
0.000
7.890
1.018
30.091
0.786
13.729
1.537
0.269
20.964
1.947
0.000
0.000
53.300
0.000
9.237
2.248
20.313
0.000
0.826
30.472
0.062
4.993
3.030
0.026
267.568
5.386
8.212
0.000
0.000
4.211
1.553
38.022
29.128
0.000
20.963
0.000
72.194
4.038
52.218
264.699
78.188
22.899
13.296
0.946
0.000
0.000
113.048
0.239
203.456
7.235
4.159
5.110
448.836
109.654
34.058
0.027
31.949
1.001
3.192
0.408
0.032
2.922
1.712
0.000
0.550
11.800
0.117
6.702
44.825
4.807
1.671
1.648
13.531
0.611
0.000
286.954
11.404
2713.426
10.041
29.117
143.788
34.524
3.907
43.351
62.811
13.064
0.000
1.503
99.999
152.701
23.049
57.857
20.032
1789.225
0.000
0.655
645.146
0.926
2.340
308.678
39.309
2.413
80.854
1.581
22.678
34.416
10.868
87.399
1.711
7.537
71.064
28.483
898.375
0.109
0.003
349.803
31.912
0.302
9.574
0.000
54.510
26.520
25.118
49.820
2.767
0.000
5.932
24.814
0.175
0.041
0.012
10.615
1.660
3.297
0.000
1.644
1.719
18.097
235.095
2.263
12.001
30.575
29.745
0.000
2.277
0.270
2.709
12.422
6.599
144.053
0.000
1.454
40.234
9.460
100.796
8.649
10.529
0.344
17.295
51.096
1.001
48.241
0.751
77.392
9.240
2.737
260.738
3.518
0.000
13.634
1.463
527.389
0.625
17.407
250.983
0.000
1874065.750
131.429
74.439
14.334
1.447
0.000
0.000
4.780
0.000
8.948
2.885
0.706
0.670
19.270
10.367
33.151
1.628
0.000
1.823
1.762
13.423
1.265
1.572
8.516
9.000
18.161
0.317
0.110
0.804
2.401
1.087
9.328
0.000
13.492
12.127
9.964
53.819
1.602
2.105
630.853
13.779
37.271
0.076
0.057
11.036
0.214
6.699
27.326
0.445
147.232
34.059
16.501
9.372
0.333
0.000
25.141
0.000
0.329
1.068
11.091
14.526
15.529
21.589
0.000
0.718
11.370
0.000
2.020
25.952
2.194
0.074
0.000
14.864
8.999
0.279
0.030
11.358
6.145
0.000
199457.266
0.013
13.536
0.957
348.375
0.000
43.602
2.694
2.603
1.254
52.280
54.827
3.649
0.030
2406.990
2.623
60.323
0.000
7.257
0.000
93.321
0.000
0.113
1.683
1.515
6.984
2.761
15.446
79.101
0.414
0.000
1.434
0.431
26.572
0.662
57.265
12.202
19.946
0.000
2.470
0.017
0.000
138.202
24.889
0.834
9.859
0.775
1459.346
0.000
0.302
0.104
3.943
0.000
71.798
260.261
176.412
172.195
0.047
85.957
8.993
0.000
0.328
0.318
18.204
6.955
0.308
7.055
110.194
46.098
28.371
14.663
0.000
4.851
27.387
0.314
70.949
59.093
799.520
14.097
0.031
21.769
0.076
2.644
147.701
292.039
0.025
34.595
37.947
35.167
292.189
7.801
11.516
0.605
0.193
77.057
6.929
1.211
1.812
4.781
0.000
0.047
0.354
16.836
134.649
64.284
418.359
148.163
3.024
415.882
1.486
0.208
0.000
9.373
13.262
6.290
95.938
0.000
35.150
4.189
188.436
4.712
122.524
10.624
0.827
0.957
172.570
9.874
31.962
2931.801
122.814
1.425
143.776
521.002
36.597
2.144
0.000
4.802
57.894
0.000
1.887
27.806
0.000
0.000
6.567
13.216
0.000
117.722
20.774
1.706
27.496
3.672
0.000
3.079
12.408
207.957
3.187
152.011
0.000
34.492
0.401
2.090
58.599
0.035
0.000
0.086
0.034
299.048
779.649
0.038
168.122
0.000
0.000
495.827
0.501
0.000
18.310
10.483
0.075
37.140
43.606
0.102
28.391
1.608
2.453
68.006
0.000
2.322
0.001
11.168
0.231
24.012
21.181
0.833
24.746
1.948
40.798
9.138
46.631
1.370
0.000
0.000
0.490
0.841
148.385
0.016
21.738
0.088
0.392
0.000
107.452
0.943
10.572
12.831
83.315
0.541
24.943
0.581
5.334
26.851
0.000
5.534
0.000
0.000
7.340
0.298
381.614
8.368
2.924
0.944
191.144
0.000
0.785
0.884
1.692
12.248
4.566
0.308
76.904
0.158
0.029
0.486
0.000
4.110
0.000
0.000
97.516
1.088
2.638
0.000
9.049
14.198
0.232
9.264
0.889
35.595
298.476
9.219
9.338
0.173
27.468
11.283
66.376
22.356
21.768
0.231
9.656
0.043
1.212
0.457
2.592
119.540
1.387
12.418
126.828
0.000
8.310
9.629
204.853
0.000
27.660
8.424
1.649
0.263
7.809
2.666
271.233
35.281
2.750
2.228
3.733
0.000
1.116
0.909
0.110
1.413
0.787
120.544
0.058
1.356
0.000
104.472
41.842
34.257
13.362
0.077
13.871
0.573
26.238
14.188
0.346
0.305
71.186
2.972
0.145
18.037
37.747
309.572
0.043
1382.230
7.781
5.744
70.718
210.948
1.900
11.757
12.245
154.749
42.584
1.248
1.774
0.000
0.028
0.120
235.725
13.628
12.972
0.136
9.611
0.288
114.142
12.860
56.994
0.599
0.000
2.869
40.361
200.621
1.739
10.008
0.817
12.232
10.396
0.584
0.063
1.308
6.518
16.165
47.168
370.464
79.894
0.160
0.196
0.000
77.921
0.061
2.618
23.658
10.485
19.115
0.295
20.431
6.227
37.821
20.442
10.700
2.369
0.000
8.662
42.858
0.156
0.000
0.072
4.657
35.405
3.353
6.195
2.706
22.424
55.417
0.836
0.000
0.000
0.499
121.547
3.125
3.456
0.185
58918.473
0.320
8.443
1.465
9.343
1.161
5.387
0.198
1.099
11.478
2.889
0.334
2.130
0.962
17.836
6.143
188.806
0.335
91.249
7.476
13.276
59.037
1.132
852.553
27.090
0.000
27.612
0.143
0.144
116.210
0.000
152.054
500.813
4.200
24.663
47.342
28.770
0.000
9.516
0.032
72.724
11.398
0.008
13.062
1462728.625
26.062
0.000
30.419
37.331
0.000
277.065
0.021
24.072
9.603
0.103
9.665
437.510
22.129
4.234
0.000
1.189
1.610
113.766
9.701
1.215
57.900
29.552
0.000
0.000
36.159
1.692
11.558
4.774
13.375
14.645
0.988
21.532
51.639
11.790
7.037
21.376
3.273
47.282
0.000
0.000
0.000
0.000
0.530
16.221
4.069
94.553
0.000
5.190
0.000
0.162
1.482
13.409
487.536
178.186
612.389
10.957
0.000
5.026
11.800
0.211
3812.043
8.995
2.613
69.088
0.000
85.699
14.520
5.588
1.895
9.392
2.870
0.798
361.638
6.881
16.642
0.000
6.744
3.069
1.157
0.070
8.024
0.034
0.042
2.786
410.447
16.105
0.000
11.347
0.000
39.543
0.000
37.613
0.000
10.766
0.015
5.754
12.708
0.750
0.000
0.116
4.720
0.452
2.667
1.283
0.138
2.083
0.000
50.607
87.608
8.285
1.360
0.839
7.693
0.000
280.362
0.089
3.641
0.602
0.919
0.691
94.102
0.000
40.965
2.506
0.000
223.163
0.000
19.435
2.939
52.380
16.361
24.144
0.000
2.219
10.049
48.382
212.915
8.993
0.264
1279.440
94.739
0.000
13.086
34.609
0.037
4.747
0.107
37.043
0.590
23.371
77.929
192.885
2.232
0.500
6.065
29.126
0.360
272.751
198.912
0.691
34.477
15.316
0.055
1.678
867.262
39.871
9.937
2.024
0.000
1.550
9.090
13.423
11.625
21.921
0.108
0.000
7.345
0.204
2.085
125.833
11.049
61.381
11.388
0.000
27.409
9.318
241.182
101.745
0.256
3.024
0.000
24.912
0.771
1.108
23.425
1.016
10.347
0.000
8.461
2.263
26.842
0.201
9.352
0.000
1383.253
4.664
2.461
0.032
27.430
8.938
8.308
31.087
22.858
9.648
1.351
0.425
12.534
0.104
0.459
49.496
9.505
37.504
9.149
9.558
0.000
35.409
8.519
0.294
21.659
21.842
6.999
231.845
0.719
12.619
0.062
11.861
60.916
5.023
12.539
10.426
0.000
2.504
22.666
14.079
24.312
7.372
44.787
37.360
431.911
6.584
1.374
18.930
0.544
0.474
28.118
562.103
7.277
26.237
3.863
1.242
79.044
0.839
0.000
0.000
163.083
0.597
0.809
0.059
574.116
76.071
0.297
2.330
0.000
74.309
0.090
5.811
10.817
0.000
25.879
22.656
0.000
0.000
52.992
0.000
0.658
0.000
4.379
0.711
174.953
20.501
6.058
2.305
0.324
67.840
16.586
12.149
0.036
271.802
135.208
0.674
10.601
5.409
0.000
116.707
0.701
454.173
23.507
22.133
315.993
37.534
10.320
0.000
2.620
0.366
10.694
3.283
2.435
0.000
31.245
0.001
0.419
0.000
2.787
3.249
0.000
0.000
3.164
12.091
143.513
4.849
58.056
9.074
134.975
0.818
257.242
0.043
10.826
0.100
0.182
0.084
7.613
146.910
5.734
0.220
0.010
899.076
1.384
1.910
0.000
15.835
1.330
13.474
0.582
30.674
0.077
4.627
0.039
242.474
0.146
26.801
164.406
54.330
98.588
0.842
2.823
0.167
28.963
0.700
0.000
0.336
1.351
0.000
54.704
0.000
0.768
12.199
87.982
166.788
16.988
0.141
0.000
17.968
0.756
10.340
8.996
4.021
0.003
1.384
0.113
2.638
1.032
29.613
0.256
0.267
124.591
7.179
15.265
243.658
0.066
0.018
1.187
62.120
0.471
42.845
39.639
3.334
0.000
4.903
23.069
42.830
0.037
15.177
6.481
0.235
2.138
6.902
0.185
0.343
1.608
11.640
0.488
0.389
6.105
32.004
0.000
64.714
99.910
3.867
0.357
0.267
10.122
8.663
0.037
0.041
4.144
13.643
0.000
0.248
20.592
9.317
0.002
26.408
49.391
10.891
2.796
0.000
0.137
0.118
1.958
28.705
0.000
12.902
244.396
123.778
213.879
132.368
4.086
0.200
1.172
16.444
0.000
20.199
0.325
5.865
32.438
128573.367
0.000
210.409
10.152
2.791
119.389
33.968
12.262
1.572
0.685
0.772
5.044
0.000
0.266
7.336
37.174
10.574
0.000
1.805
20.047
0.000
211.777
0.762
0.096
17.527
49.813
0.000
0.418
9.273
109.206
25.166
0.000
49.333
0.202
24.328
0.351
0.000
0.900
25.644
0.584
290.438
3.871
3.479
23.631
0.023
308.519
7.517
12.722
10.340
16.896
0.147
0.000
2.621
1.463
29.014
34.424
13.298
0.000
14.959
26.572
3.742
2.656
0.700
1.291
10.147
351.551
9.445
0.439
3.410
1.339
132.155
0.061
4.249
17.892
312.397
1.774
0.000
1.369
0.391
18.172
58.521
10.660
0.536
0.043
16.881
107.800
0.000
1.505
0.291
4.041
0.000
679.526
0.000
1.688
17.891
1.016
0.059
0.988
0.000
16.782
0.077
0.971
0.843
33.763
12.929
49.903
0.054
1130.448
0.226
16.827
414.275
12.176
674.674
618.978
0.066
0.000
0.000
0.000
27.928
49.354
0.030
0.000
0.083
0.092
8.369
1.659
10.442
36.399
9.719
21.408
0.174
21.572
10.557
1.228
13.869
5.876
0.000
0.019
4.756
2.236
3.160
0.120
382.499
12.559
18.292
12.819
127.266
6.261
0.000
4.569
4.097
3.641
9.997
0.001
73.403
2.687
4.949
244.646
3.039
4.788
50.153
6.616
6.180
3.475
0.000
34.235
4.223
62.232
3.252
41.450
1.835
31.308
123.783
171.022
150.511
23.560
2.452
14.370
8.999
0.020
15.018
126.998
69.627
18.853
5.306
0.170
222.320
112.756
33.977
0.000
9.604
41.560
1.400
19.685
0.431
2.270
32.377
10.457
0.000
41.808
4.805
0.152
1.787
0.000
7.458
15.981
2.758
1.054
49.969
60.365
1395993.000
7.310
2.287
1.099
9.044
0.445
0.149
0.029
2.832
25.091
1.386
13.044
0.101
0.045
0.000
1.170
7.891
0.449
154.522
9.397
110.160
13.765
570.802
0.311
9.464
0.979
203.610
865.394
26.849
0.067
56.782
0.000
9.633
15.115
982902.562
1.481
48.803
8.514
0.163
3.804
10.806
25.311
0.508
0.288
64.687
4.865
5.131
0.188
8.708
0.000
46.911
0.247
10.943
0.148
2.823
73.014
3.048
168.829
10.469
5.022
38.536
0.591
1.920
142.060
31.641
67.362
0.000
17.363
7.970
0.695
52.535
30.634
5.432
162.841
0.000
8.118
8.039
2.235
1.574
0.000
10.156
28.773
16.369
192.277
11.574
11.934
0.015
0.000
60.592
0.119
1.128
397.585
11.458
1.334
4.168
0.000
15.011
0.000
17.340
7.485
12.163
45.319
2.068
0.000
1.057
1.532
14.769
86.325
1.805
11.407
0.151
165.670
1.111
3.125
0.024
0.097
0.178
4.454
0.393
0.732
5.730
0.000
0.000
5.084
0.467
0.429
94.286
62.290
0.000
0.000
0.023
0.000
0.371
0.679
83.088
7.100
0.381
1.665
1.083
71.338
2.733
2.101
1.735
12254.717
8.738
11.655
0.248
12.935
22.568
5.461
40.283
0.000
35.973
10.284
7.284
32.845
0.000
0.224
1.265
30.010
1.744
350.687
0.161
0.833
1.293
48.666
42.906
23.335
1.371
0.040
7.529
22.517
0.142
0.000
2.342
2.871
0.591
2.987
48.087
0.000
464.982
0.000
182.453
3.855
3.295
1.713
65.655
0.042
5.201
20.280
6.251
0.140
4.579
2.051
0.173
0.594
4.446
16.085
0.028
0.677
74.807
0.018
40.900
0.579
0.000
0.493
2.143
25.081
1.724
38.537
14.414
0.353
2.484
680.461
131.469
442.344
6.311
1.513
6.579
0.722
3.194
0.711
1.937
11.806
0.082
0.726
66.071
0.000
256.764
30.665
9.060
0.875
6.675
0.082
70.715
0.000
3.679
0.026
11.198
0.670
11.488
2.209
0.000
0.611
0.074
0.000
12.358
98.688
0.208
65.238
14.452
4.541
0.000
0.000
69.198
0.000
0.105
0.064
25.232
0.498
99.725
0.000
33.998
0.124
0.339
4.053
17.164
17.969
11.433
67.409
0.836
2.411
118.140
17.138
0.264
71.872
11.231
41.307
0.248
4.012
0.558
26.898
0.111
11.535
66.963
9.317
0.000
23.095
0.048
439.112
27.816
9.664
0.032
66.838
2.821
1.416
14.235
2.028
0.000
9.602
12.184
6.633
11.323
1001.761
10.575
4.123
24.780
10.289
28.690
11.915
1.757
6.326
10.913
27.834
8.765
9.506
5.798
2.216
0.184
0.318
0.000
0.419
53.225
1.870
0.027
24.715
0.338
2.836
10.162
17.634
2.603
0.130
8.310
5.868
14.851
34.082
21.670
1.323
14.232
11.768
12.480
5.568
13.659
0.018
131.998
0.024
0.000
0.000
0.000
0.007
62.398
0.000
0.000
234.602
7.170
2.742
19.489
10.430
12.765
0.000
14.644
0.229
8.664
8.558
0.491
0.008
128.283
0.078
13.777
193.507
13.500
0.256
1.064
8.944
12.804
0.280
15.999
10.465
849544.625
7.494
0.000
0.116
0.000
0.000
0.081
79.148
0.000
0.045
0.254
0.000
0.023
22.539
0.021
12.221
1.653
203.710
0.000
0.000
2.741
0.007
9.142
72.029
0.000
0.778
25.333
0.000
0.026
0.000
74.445
3.429
4.030
0.000
139.216
0.236
0.230
21.290
4.510
1.112
302.114
1.216
37.288
18.749
0.000
2.522
1.286
18.558
0.143
0.000
0.190
9.475
17.352
147.261
3.928
11.216
25.115
0.529
10.265
28.771
0.286
2.330
30.714
1.215
0.000
0.000
23.209
0.000
0.000
0.735
11.466
1.083
94.795
128.424
0.113
2.967
0.405
399.786
73.205
0.058
4.117
11.161
0.000
0.000
0.000
2.533
0.000
0.346
131.999
82.788
0.267
4.162
49.667
12.101
3.770
1.195
35.164
0.506
2.071
2.878
96.105
6.180
50.330
2.463
0.000
0.366
4.788
213.868
1420.333
1.650
252.245
27.539
9.011
18.179
0.000
16.271
219.390
1.803
12.738
53.730
9.815
26.926
8.336
7.973
0.003
37.270
0.361
0.415
118.647
3.092
34.724
0.008
0.000
3.749
0.743
0.137
4.438
25.590
10.830
0.399
0.026
37.182
0.037
31.375
6.517
36.062
0.023
38.720
22.790
31.092
1.618
11.655
0.384
106.084
25.956
2.625
5.157
12.285
0.293
5.398
0.390
0.036
71.055
4.773
8.793
11.893
0.185
35.196
1.239
32.092
9.212
0.140
22.728
26.430
105.407
23.728
1.238
2.587
0.000
10.565
23.447
4.003
109.952
47.561
0.035
202.591
19.447
1.700
49.510
0.187
1.890
0.388
1.214
1.065
23.818
1.982
1.617
0.432
38.424
5.526
21.230
566.927
0.000
0.000
15.017
0.103
99.040
426.967
0.954
0.068
56.426
43.052
25.092
0.000
36.012
75.635
21.967
0.000
49.559
9.128
2.921
0.000
0.287
1.815
34.767
0.236
626.777
78.784
3.355
60.698
17.048
0.223
0.119
25.577
6.732
229.415
9.159
1.264
9.181
0.000
22.294
0.012
17.625
5.269
0.465
19.935
0.000
8.933
8.558
186.073
0.269
0.025
21.542
0.756
17.264
0.878
202.117
6.069
3.893
16.152
0.272
0.103
0.000
13.119
0.558
0.490
38.490
5.889
166.579
0.006
32.139
6.028
10.907
1.692
5.632
0.138
0.971
17.627
19.494
0.131
10.993
23.064
21.532
0.149
9.935
23.957
0.245
0.142
0.047
436.194
4.787
1.838
22.837
168.482
8.096
0.000
1.378
4.711
0.000
0.845
3.317
11.441
5.977
1.183
4.033
54.235
2.014
3.144
4.377
5.345
1.955
0.619
0.273
144.486
37.763
7.535
0.140
2.444
0.014
2.568
31.464
0.000
58.567
0.359
2.614
1.287
23.392
14.636
18.888
128.157
515.218
10.947
0.015
5.790
0.000
2.441
968.573
8.459
0.018
0.000
0.000
148.189
0.000
4.218
0.021
0.007
0.411
21.888
31.043
0.052
9.143
0.000
475.585
0.489
0.871
19.431
6.716
0.000
217.368
0.000
9.048
23.525
36.335
12.925
40.970
0.341
0.024
3.942
658.967
97.476
316.928
4.696
0.000
8.996
5.840
0.048
32.296
2.643
0.000
9.033
28.697
0.239
0.000
14.677
4.516
6.873
711.810
10.189
0.000
12.037
39.781
1.020
13.313
0.145
43.360
0.000
0.000
0.228
11.936
3.226
19.548
533.121
1.633
1.230
0.047
15.641
90.935
0.169
2.231
67.200
297.173
2.082
1.403
38.625
11.697
132.090
78.161
0.000
266.593
6.300
20.108
2.441
3.674
1.243
59.661
1.164
47.838
0.097
14.449
1.191
1.546
109.663
0.026
4.550
0.598
538.413
8.324
21.792
3.483
10.313
0.977
1.829
6.234
120.913
7.580
11.184
125.034
3.035
1.597
0.010
3.581
0.000
5.246
7.975
9.176
11.175
0.889
25.631
0.658
212.223
113.147
0.275
7.564
7.232
12.771
72.539
6.277
0.014
23.356
16.606
0.360
9.323
61.753
1.031
101.038
0.000
67.205
22.161
103.868
9.442
2.585
27.665
15.237
51.257
6.979
1.159
0.673
48.222
3.264
2.697
12.446
0.000
6.719
52.721
0.000
9.450
0.376
9.015
66.286
0.029
3.311
5.229
0.387
2.600
127.092
983.035
100.358
26.962
29.118
240.689
0.000
15.380
0.008
28.785
4.190
0.000
0.000
2.534
0.638
3.495
95.432
17.995
31.442
11.008
0.442
8.254
2.531
22.469
0.051
16.491
150.051
3.169
29.864
0.340
2.037
7.734
4.596
0.109
127.874
1.554
40.314
36.395
7.332
36.657
0.982
1.786
1.642
23.183
36.958
0.000
10.165
0.172
23.048
10.817
0.799
0.000
3.028
86.122
0.124
4.779
53.178
5.798
40.841
19.133
5.040
0.000
68.344
0.000
320.435
0.000
0.000
0.003
31.235
74.519
0.418
0.767
0.000
0.593
1.461
8.927
2.825
0.000
8.699
0.000
0.270
9.029
0.000
293.735
17.944
21.211
29.061
0.000
73.943
2.281
1.681
1.100
0.145
0.135
40.533
1.628
1.857
33.745
0.585
1.648
3.673
0.000
9.326
0.000
109.591
501.176
27.228
0.000
754.523
69.888
2.178
2.490
0.000
0.000
6.379
9.920
71.332
10.795
6.456
0.000
2.143
0.033
4.319
1.346
99.787
0.076
33.079
2.307
0.000
14.358
0.514
29.732
19.804
12.506
1.778
1.371
9.802
0.000
0.000
0.124
11.607
10.483
0.027
2.611
0.324
0.254
8.999
186.896
8.910
9.225
0.067
9.425
67.117
189.938
0.036
11.475
14.537
0.000
2.403
3.138
4.676
0.420
0.219
2.826
0.588
6628.515
5.548
16.224
66.125
9.458
0.133
3.650
0.000
14.608
10.735
0.010
0.066
0.117
0.000
216735.328
115.761
27.594
12.314
457.652
0.541
0.455
0.207
1.255
1.190
0.560
297.265
11.355
0.024
1.047
8.311
2.682
9.179
0.106
0.000
4.192
0.043
0.000
163.575
0.057
0.028
0.000
3.271
6.588
0.000
110.188
8.449
4.802
9.002
0.073
0.522
32.867
4.470
0.055
228.731
0.042
0.000
9.110
9.881
0.780
144.778
489.474
0.388
16.671
132.072
26.803
11.161
0.367
23.682
0.268
35.821
14.770
564.568
0.000
0.123
0.158
0.000
1.912
0.033
12.895
0.317
75.327
2.349
2.793
33.755
27.866
17.771
0.103
0.750
166.195
29.313
7.130
0.088
81.226
2.912
2.407
0.000
11.115
90.812
250.164
25.395
6.097
2.363
0.704
0.000
0.211
0.000
4.747
0.012
30.724
0.000
18.258
0.014
104.238
66.009
0.275
0.161
84.834
35.855
2.693
0.653
0.802
9.857
0.725
4.426
13.825
1.367
33.152
6.228
0.270
0.542
0.017
15.386
0.160
10.958
49.043
11.497
0.026
11.874
0.402
0.000
3.188
5.424
0.011
0.000
22.811
239.335
0.106
0.013
4.320
4.564
19.725
0.058
0.191
0.078
31.265
133.059
29.383
0.729
0.500
0.000
0.797
0.979
0.000
159.171
0.004
0.000
49.116
6.407
16.289
16.926
1.245
32.723
15.790
0.129
51.240
404449.062
0.035
0.313
2.305
48.639
0.124
17.446
31.277
0.681
1.173
38.288
0.000
5.577
19.505
254.305
63.154
9.228
0.259
115.652
111.857
13.617
0.412
0.210
28.298
0.598
19.081
130.115
58.351
6.068
9.779
119.016
0.189
0.859
514.170
0.007
0.000
3.486
19.795
28.875
3.728
565.336
30.371
0.789
37.249
0.207
13.102
247.241
233.031
0.057
91.051
87.641
44.693
208.299
2.159
9.462
10.081
13.114
1.446
20.647
0.000
93.211
1359.531
12.142
1.482
0.000
0.819
0.000
9.148
0.230
12.381
2.580
14.504
0.000
25.807
0.000
4.316
6.512
0.407
9.477
9.608
9.024
0.589
1.187
38.186
0.043
17.338
0.331
174445.766
0.000
170.414
461.437
29.647
3.519
16.839
9.047
17.695
18.903
0.000
3.013
2.795
15.245
1.567
6.734
1.580
53.787
11.191
0.000
0.922
1.711
10.587
37.080
1.325
8.795
0.983
0.635
0.211
0.953
2.060
0.000
3.170
22.110
12.707
16.812
0.000
0.000
117.631
20.536
11.046
98.345
21.353
6.080
26.385
0.436
0.000
769.424
18.272
20.996
0.028
74.257
1.359
17.428
20.886
9.649
3.679
0.083
8.997
6.093
7.613
0.240
14.011
4.287
8.744
2.293
0.723
2.300
2.238
5.289
4.752
3.535
215.072
24.460
43.851
0.000
1.803
0.876
131.871
575.144
4.719
22.933
6.899
5.365
0.146
19.069
2.649
52.640
0.636
16.318
42.636
0.228
3.098
121.386
84.558
0.000
0.444
9.127
0.854
205.423
0.000
0.000
36.155
1.149
11.005
19.189
18.983
3.981
14.922
23.617
69.379
198.757
0.094
49.516
0.026
0.000
2.319
0.000
0.345
665.634
0.000
8.900
23.716
2.703
7.133
667.757
79.280
0.000
7.492
4.726
3.773
0.000
0.000
0.000
186.539
303.896
2.595
26.369
0.411
0.384
0.000
0.000
0.229
0.000
0.805
0.091
50.404
4.822
0.000
164.957
358.398
15.235
48.124
37.454
9.231
2.830
0.133
8.604
0.021
16.946
18.966
1.203
22.786
9.260
9.541
53.553
0.409
0.584
1.731
466.809
0.409
44.367
418.746
0.159
0.059
2.209
2.679
1.933
0.103
505.646
0.030
11.117
10.111
2.114
0.000
0.615
7.218
26.642
11.006
8.338
120.392
0.080
3.710
1.577
3.927
5.176
3.354
0.000
33.208
6.165
71.634
29.600
0.720
241.668
0.035
2.266
0.000
139.595
11.750
9.612
0.052
23.273
0.000
1.826
0.000
52.429
0.001
16.699
0.732
11.657
7.750
7.586
2.089
0.407
2.058
3.388
1.003
0.721
18.794
232.170
2.991
73.187
0.504
0.000
28.215
0.033
0.178
942.757
30.498
9.409
10.954
0.000
29.563
0.753
14.750
175.826
201.351
1.836
0.000
12.786
0.072
9.496
0.978
29.611
1.368
8.723
76.463
175.388
43.827
5.710
12.066
0.000
2.445
27.676
0.168
120.094
0.678
2.646
82.391
0.187
9.335
25.373
0.000
10.690
66.372
69.976
7.366
3.438
36.256
37.382
9.042
8.978
258.441
33.147
19.439
23.459
1.137
9.298
0.744
8.646
45.734
0.629
573.346
53.184
0.005
99.763
15.921
3.116
33.629
154.438
5.336
5.016
11.050
0.000
235.912
10.003
0.180
254.863
2.867
23.611
9.675
12.924
24.854
40.573
17.981
0.003
1.116
80.153
78.621
0.085
120.191
0.781
14.021
66.843
0.850
2187.135
1.420
30.063
0.503
2.395
16.387
21.624
9.168
0.000
0.463
0.707
6.920
0.770
103.347
15.404
0.760
9.850
38.983
9.020
102.876
0.000
0.000
170.336
0.558
0.552
5.974
8.084
0.090
48.064
0.000
0.000
0.200
0.160
43.990
1.530
72.696
1.901
53.230
2.609
0.167
1.777
32.608
0.000
227.396
1.142
39.538
0.012
0.833
0.364
0.000
0.128
0.083
63.313
1.236
171.267
0.000
190.027
18.924
25.067
13.070
303.938
89.609
5.306
18.511
11.404
375.952
141.796
13.740
36.734
36.124
0.425
1.983
12.064
0.000
3.620
19.838
0.409
0.000
11.467
1.394
0.000
14.303
0.486
34.491
131.044
0.034
0.000
9.541
0.000
25.317
5.156
0.480
4.309
133.305
0.850
5.074
0.608
10.047
1.963
3.775
1.285
0.281
0.264
4.358
0.025
11.011
2.755
2.665
69.742
2.124
0.000
0.400
44.538
4.138
3.166
1.534
9.452
227.439
10.102
1.752
0.829
42.892
29.959
12.608
60.663
3.408
181.609
0.116
0.000
0.511
0.355
22.141
28.146
15.088
112.142
9.923
127.675
166.845
0.026
12.959
1.205
2.489
8.999
15.687
25.556
2.869
0.380
3.112
0.115
0.860
0.217
53.521
3.149
13.204
0.077
1.181
0.352
0.000
0.379
72.409
9.017
9.845
0.000
0.850
0.076
1.164
0.000
22.023
6.780
551.837
0.379
375.114
72.526
42.769
40.129
0.056
1.143
0.994
0.618
97.729
105.393
0.000
11.697
0.000
0.367
0.000
1.104
0.448
20.044
4.300
124.745
2.114
7.557
9.954
31.533
22.224
269.362
3.106
0.407
10.951
10.517
5.958
0.093
6.066
1.813
46.791
18.472
48.609
24.846
0.868
0.000
0.998
11.293
132.814
0.000
0.182
0.004
56.986
12.741
15.808
247.487
9.407
0.119
51.172
1.066
0.795
0.066
6.488
0.515
12.429
11.738
1.066
0.110
0.648
0.215
0.843
3.330
2.531
0.000
38.124
0.592
20.974
0.000
20.186
68.502
2.397
0.000
152.892
13.707
1.301
16.398
1.053
0.184
0.710
0.032
224.612
3.739
1.603
12.958
6.867
0.000
1.902
1.162
0.425
0.160
0.000
16.350
8.664
7.328
19.358
0.323
2332.254
260.822
0.000
28.421
0.000
0.000
7.660
3.202
10.440
59.098
0.864
0.000
12.457
3.806
0.310
350.824
0.097
19.910
12.880
194.489
306.700
19.641
1.415
8.673
13.909
0.309
4.292
17.837
0.046
0.000
105.997
7.653
86.100
421.044
4119106.500
3.232
7.423
0.118
0.158
4.456
0.242
34.992
0.143
4.766
194.031
21.996
0.000
9.682
269.948
0.120
3.431
93.691
98.925
0.623
0.000
0.308
1.390
0.213
110.274
8.833
0.026
381.026
108.235
114.611
0.654
3.819
27.801
0.429
2.926
2.985
0.079
38.403
19.386
8.195
2.726
40.846
56.740
8.334
2.349
152.973
0.004
42.583
0.000
13.590
11.939
0.296
30.083
86.809
17.836
121.504
10.954
44.489
10.894
289519.562
0.902
10.808
243.911
37.817
2.904
0.908
4.012
7.346
0.545
0.000
5.719
4.462
428.213
1.402
8.259
15.373
0.153
52.451
0.029
113.282
5.588
13.100
7.530
130.288
6.865
17.719
0.000
3.049
245.800
41.869
21.190
231.494
8.651
6.831
10.382
250.882
83.701
188.699
0.910
0.610
41.352
0.218
1.539
0.040
14.296
19.397
121.208
0.392
3.344
5.449
8.998
13.171
0.205
13.113
0.535
0.345
0.000
1037.233
0.000
18.502
0.000
79.419
417.268
1.389
3.524
0.079
97.408
8.696
4.688
15.795
6.513
0.017
27.488
14.278
12.435
8.897
11.541
136.622
4.183
136.058
17.751
6.875
14.565
25.406
0.000
0.403
14.610
4.415
11.609
11.033
1.512
123.146
0.119
190.289
0.000
1.108
7.407
71.252
0.331
0.208
27.055
31.082
50.192
0.456
9.111
51.428
53.880
0.185
0.733
453.843
75.658
0.000
0.710
0.000
0.873
39.052
3.344
0.000
0.000
0.000
1.894
9.173
0.000
29.536
1.771
0.247
9.068
0.309
10.207
0.740
0.719
0.914
9.147
0.334
0.814
11.544
0.000
0.000
54.051
18741.109
8.718
0.178
0.530
0.448
8.802
31.817
1.357
0.782
28.969
7.413
0.491
62.460
0.249
0.000
25.999
8.081
0.042
2.758
0.121
0.000
37.033
0.200
0.234
0.000
3.094
27.979
56.978
0.000
14.010
0.000
32.327
9.530
12.304
21.840
0.053
48.296
59.246
0.308
7.621
0.124
3.911
0.986
6.975
9.840
1.071
0.222
143.787
9.223
1.096
13.563
20.271
0.356
9.021
3.386
9.049
1.729
8.600
30.846
506.370
0.000
16.876
6.210
0.018
30.082
0.008
241.102
127.357
19.256
18.331
41.436
1.270
0.148
7.611
10.673
0.587
36.451
13.867
14.673
32.810
0.000
192.790
0.855
1.305
0.000
5.061
11.544
2.048
1.009
0.017
11.690
9.262
24.266
35.304
0.438
3.285
14.790
0.330
0.000
16.231
220.453
29.696
27.918
0.698
0.149
23.801
9.560
4.155
27.046
0.000
0.541
0.000
43.550
33.356
4.244
0.000
2.116
21.144
60.093
18.263
0.014
0.095
0.000
242.631
0.385
435.411
0.235
9.000
0.323
2.761
3.168
0.777
80.170
22.141
9.728
1.157
15.896
598.002
0.001
1.017
133.964
159.375
0.381
8.999
16.933
0.836
47.399
0.052
30.246
0.000
109.531
23.780
14.991
48.712
1.365
124.529
145.818
0.000
12.878
0.000
48.318
0.000
0.008
66.581
0.209
29.123
58.187
33.438
0.362
0.055
8.977
231.674
10.323
3.582
174.099
0.796
31.049
0.000
3.845
60.110
3.010
163.444
4.322
9.432
2.581
30.418
4.565
132.368
0.000
28.493
15.210
125.487
24.203
0.113
347.629
0.000
201.241
0.443
0.104
44.534
0.093
1.929
12.284
15.402
0.000
17.439
0.287
22.077
0.001
813.423
227.726
28.154
1.647
0.401
0.851
0.036
31.061
15.490
1.766
10.762
4.049
19.928
9.960
0.041
827.919
0.126
0.934
2.722
44.618
249.355
68.921
232.472
28.016
6.843
0.000
40.992
15.082
0.000
613.990
11.391
2.579
0.175
4.881
14.024
45.657
237.535
10.567
275.527
0.030
10.895
0.006
0.173
16.474
0.000
4.018
0.117
0.000
3.521
21.229
0.000
0.043
64.848
0.207
2.554
0.211
128.008
11.655
54.036
0.000
2.021
0.000
31.683
0.322
25.144
21.714
0.000
0.170
18.205
1.229
1.294
0.543
0.287
1.177
10.440
14.205
1.804
38.063
0.440
0.000
24.477
2.856
8.996
105.145
23.517
4.883
0.967
321.278
5.152
10.909
13.593
1.855
0.000
0.006
0.122
4.679
2.003
75.548
27.169
18.880
10.109
13.883
0.566
0.000
229.872
0.151
2.895
7.022
10.839
0.000
64.188
46.178
2.431
2.624
1.648
0.330
39.910
17.864
6.919
0.000
1710.377
140.060
0.000
2.629
0.060
15.013
20.958
6.521
2.600
0.000
0.023
0.032
0.582
0.240
0.913
0.147
0.000
4.253
0.560
0.000
37.341
0.000
22.873
1.980
808.846
3.033
4.079
1.110
1.825
0.188
2.644
0.488
9.109
15.052
0.000
2.127
0.000
8.600
149.545
55.313
4.272
0.000
1.575
0.076
190.585
0.562
248.021
0.000
0.282
51.439
0.618
0.000
0.000
11.907
142.955
188.288
25.204
0.070
7.629
0.068
0.064
25.551
0.017
88.609
63.827
0.362
8.118
11.090
3.833
8.390
36.945
264.963
7.844
1.917
60.371
35.330
0.026
9.198
0.125
0.117
0.000
26.992
56.033
0.000
6.294
308.133
0.000
661.080
49.840
11.491
0.288
24.059
11.756
18.349
4.641
109.566
0.275
15.549
40.532
0.272
10.899
37.786
0.446
0.782
0.680
3.797
455.646
540.934
220.148
0.951
0.364
12.222
1.196
0.011
0.000
35.337
55.485
39.046
11.583
67.247
34.179
4.505
0.000
111.262
0.000
6.091
1.453
2.752
2.396
0.076
0.507
0.000
0.337
40.079
0.235
24.231
324.408
3.111
0.134
4.967
0.435
0.000
20.803
0.000
118.018
0.076
0.000
0.000
299.018
91.003
108.996
2.717
1.197
97.159
5.523
20.479
0.091
0.870
6.248
278.582
18.092
0.000
47.809
20.529
80.934
0.479
11.679
39.897
0.717
16.249
5.059
0.000
62.145
3.680
0.162
62.456
4.180
0.000
418.302
52.313
10.877
6.839
126.549
29.773
59.841
3.069
123.711
352.417
3.042
0.671
12.005
371.302
1.324
0.000
20.199
1.394
44.247
2.500
23.287
168.362
3.197
1.881
0.000
12.157
0.045
111.781
70.111
3.999
0.000
22.829
0.000
11.789
7.167
11.861
3.690
9.454
21.272
2.774
152.419
0.062
12.133
62.535
32.414
25.580
44.387
21.557
1.978
40.245
65.227
64.593
19.350
0.000
0.021
0.249
0.003
0.470
0.061
2.337
71.343
16.087
117.410
59.775
0.372
0.856
0.000
0.199
0.590
6.875
1.041
0.003
42.372
2.045
0.000
1.718
18.741
31.266
0.344
0.225
0.000
4.930
0.000
1.102
0.719
34.237
0.000
0.114
0.000
8.642
1314.014
12.772
1.686
11.506
13.421
2.166
10.299
0.000
31.450
74.891
61.368
0.000
0.656
104.017
121.811
0.240
680.012
12.971
28.254
12.252
24.154
24.621
39.207
165.872
10.864
0.000
76.916
0.279
0.849
0.424
9.326
4.064
2.204
24340.834
21.362
6.527
8.355
3.915
2621831.750
0.999
55.909
0.013
0.015
9.118
1.059
13.659
7.226
46.724
9.940
0.018
58.211
5.806
0.000
3.645
0.051
86.237
70.090
10.437
0.023
9.038
0.785
143.377
3.973
3.871
137.816
0.000
17.274
9.732
0.000
16.891
6.210
11.858
128.958
4.245
0.000
24.413
24.269
17.133
2.104
9.469
2.422
9.975
34.884
8.825
1.233
10.127
140.666
11.858
2.696
6.644
0.425
2.138
245.065
50.984
0.000
5.221
192.340
0.646
16.401
0.527
14.486
14.009
0.100
12.769
409.872
524.567
41.512
7.922
1.317
41.432
62.646
7.023
3.329
11.466
26.448
1.494
0.000
101.910
7.763
0.368
9.172
22.704
467.436
0.610
17.973
9.040
44.107
9.449
15.485
0.000
14.499
74.010
143.425
136.181
122.668
0.438
10.851
7.596
58.097
0.527
32.142
25.673
2.997
481.054
0.002
12.322
3.187
0.310
23.790
0.674
16.066
24.253
263.441
11.088
0.075
9.093
18.000
0.241
1.912
13.625
0.000
59.740
0.014
0.367
34.268
1.215
61.267
0.612
0.622
8.853
121.317
39.459
1.876
42.382
2.529
25.136
0.114
9.534
0.196
0.078
4.929
0.551
0.538
0.260
1.399
0.000
10.564
1.337
21.688
0.018
13.235
23.164
20.661
1.510
0.039
0.197
0.000
0.043
0.339
4.823
24.147
0.948
16.464
0.402
10.664
92.255
12.662
0.594
2.604
1.343
10.255
23.124
0.032
0.000
18.357
0.054
5.616
0.168
4.520
0.218
3.475
15.166
0.100
6.409
0.062
259.126
19.115
7.535
5.309
16.298
0.052
1.357
1.395
9.875
125.884
1.639
0.015
5.795
19.039
0.000
10.576
0.037
0.337
0.000
10.681
2.099
0.104
10.386
0.239
74.379
0.000
1.585
9.915
549.160
680.742
0.206
11.946
4.343
21.638
8.484
3.979
341.882
55.859
106.142
14.992
6.126
1.592
0.521
0.274
12.753
6.207
8.888
22.587
1.940
8.615
12.812
0.000
0.000
230.956
0.000
4.514
0.865
0.202
0.078
2.056
5.098
1.097
2.888
19.081
19.835
52.027
45.214
9.841
9.257
7.191
31.972
0.000
6.713
0.000
32.613
188.132
5.292
0.139
61.030
2.207
17.847
18.662
16.147
7.835
61.322
15.602
0.411
5.403
8.353
4.742
5.751
4.130
9.637
0.749
0.000
6.257
2.577
75.574
49.736
123.941
85.682
21.671
37.229
0.000
25.967
0.000
2.036
31.679
0.318
7.416
0.000
17.272
1.888
0.064
24.288
0.692
4.051
11.302
2.323
0.077
0.000
1.350
5.014
2.802
2.679
0.039
0.000
3.617
14.675
26.157
0.291
1.642
9.394
20.286
43.651
0.032
0.098
0.000
1.442
0.000
1.336
7.613
2.172
0.000
1.245
0.597
0.000
0.000
337.961
9.381
82.875
0.369
363.003
0.131
9.345
0.000
0.157
5.960
79.825
27.726
106.125
0.752
3.164
307.261
18.975
37.705
0.029
0.246
2.261
4.732
63.794
0.000
19.979
12.194
0.004
2.934
0.238
2.143
15.478
2.553
2.888
3.221
21.785
2.576
0.000
9.115
262.775
1.567
0.246
0.050
0.323
0.039
64.135
0.606
0.000
118.061
2.274
22.941
0.000
4.476
0.248
7.230
6.907
32.921
0.097
0.279
10.183
0.000
49.336
0.000
0.321
59.304
71.077
0.053
9.274
4.921
10.323
18.132
0.604
0.170
1.152
1.030
0.080
39.430
22.550
128.264
0.387
0.000
27.051
27.918
26.933
2.065
16.466
15.189
2.667
61.857
0.000
101.408
0.685
0.263
57.390
8.943
5.654
25.575
17.711
6.777
358.710
0.015
1.745
0.162
0.000
0.005
0.015
23.778
5.593
13.772
19.946
0.158
35.017
8.818
24.061
6.291
5.258
19.049
22.092
24.373
4.186
0.446
0.000
8.015
2.669
0.937
0.000
19.854
0.000
0.000
0.909
16.357
67.459
3.292
9.068
87.646
15.743
6.760
1.453
4.112
1.984
1.892
8.999
1.130
21.176
0.152
24.567
0.000
5.891
0.000
22.714
24.941
1.579
8.427
9.894
13.201
0.000
5.240
46.415
2.234
107.117
0.000
124.544
3.358
33.270
1.656
11.366
1.049
21.247
0.808
0.903
721.485
12.267
10.679
9.328
5.605
2.231
23.480
6.874
0.913
0.097
566.012
1.766
16.050
0.000
217.836
5.236
12.739
4.781
3.384
2.071
190.614
1.821
3.152
34.246
1.654
1.689
0.631
7.126
0.000
43.183
0.000
9.701
358.300
20.336
224.067
20.096
9.343
20.556
207.749
0.000
157.349
143.581
60.451
0.000
6.172
5.267
19.206
202.084
49.376
11.667
131.174
0.528
3.461
0.008
0.000
0.562
34.054
0.000
192.555
3.886
0.605
0.175
11.532
18.777
48.253
0.594
6.904
0.000
0.067
3.365
9.796
83.193
8.327
0.000
0.912
0.177
5.331
2.206
3.130
74.993
5.591
244.316
0.787
0.217
34.450
2.301
0.066
25.843
0.049
0.051
3.844
121.976
0.015
26.108
0.644
0.197
33.765
65.853
0.896
650573.375
5.992
8.203
0.840
22.454
22.257
0.265
0.002
44.182
36.676
0.126
7.814
0.977
92.941
9.424
20.532
2.522
1.861
9.031
5.248
37.377
0.000
0.019
928.575
10.324
9.781
226.618
0.110
154.498
4.803
0.067
26.236
28.942
26.882
0.000
60.944
0.000
6.027
0.889
33.545
0.682
34.882
1.490
21.280
0.000
11.959
0.000
0.000
0.000
18.455
0.256
404.045
1.812
234.492
3.923
59.618
0.000
8.999
2.634
8.891
0.000
11.096
26.858
7.210
0.075
5.356
49.016
1.175
9.213
0.313
9.161
0.879
23.812
8.043
1.699
0.037
20.471
9.107
296.079
0.137
4.677
0.000
0.000
0.851
60.018
303.275
17.488
0.211
17.869
126.333
155.779
0.000
55.483
2.524
18.455
40.867
488.704
2251.760
7.612
0.000
2.225
59.414
189.750
0.000
32.803
74.796
3.630
9.136
5.569
79.248
0.415
3.240
1.092
1.867
0.376
2.551
19.472
18.910
41.630
6.614
61.456
0.000
40.377
105.586
0.364
1.448
7.709
88.097
16.809
73.918
9.202
1.202
16.857
64.757
18.830
0.082
9.680
0.095
3.295
0.509
8.312
80.782
0.026
0.000
14.910
0.212
0.168
18.282
0.102
0.000
0.000
28.581
66.014
0.311
18.447
4.761
164.301
157.821
0.000
1.628
2259.500
237.903
0.006
2.215
87.919
20.308
0.000
0.392
9.160
0.052
0.000
11.308
0.068
15.331
585.945
0.023
8.311
18.316
177.498
0.253
24.487
0.030
8.674
7.414
2.954
36.358
10.369
5.164
199.549
0.000
2.704
25.721
10.298
3.473
3.068
0.035
0.159
1.312
202.132
38.689
0.892
0.119
0.057
0.000
388.034
77.993
233.937
0.831
1.484
0.723
0.224
11.873
0.000
8.418
544.957
0.465
68.373
1.211
451.147
130.723
0.973
33.845
0.885
5.380
10.495
2.423
16.601
13.132
2.442
122.247
29.403
0.000
11.355
77.174
8.923
19.846
200.913
0.066
0.000
1.239
0.410
116.082
0.036
29.871
5.651
12.109
1224392.625
26.552
1.101
1.843
0.000
12.077
25.284
38.453
374.851
0.085
0.000
115.631
0.000
5.348
1.691
25.757
0.000
7.771
90.601
10.634
143.237
44.156
2.100
26.436
0.000
1.604
264.392
413.084
0.078
0.186
0.062
219.868
10.888
5.641
1339.716
1.587
0.000
14.911
127.039
0.000
122.422
0.356
10.637
33.204
0.000
0.000
16.587
10.579
0.173
119.480
80.223
7.827
37.112
0.009
12.299
92.826
0.205
9.342
35.436
0.704
2.288
3.488
0.402
40.640
159.237
20.488
6.876
5.758
66.918
180.113
15.505
40.260
2.749
4.540
0.263
2.717
26.032
0.000
0.000
76.109
5.538
17.569
9.525
8.887
7.604
1198.967
23.861
0.000
1.000
6.694
0.317
51.753
18.462
29.211
6.213
7.262
106.402
0.082
10.592
0.044
4.619
0.702
0.000
56.919
45.875
130.185
3.397
19.276
83.441
0.050
3.033
459.995
962.295
14.759
14.909
90.798
9.775
8.131
1.327
9.988
0.011
0.030
2.178
0.005
0.000
1.948
0.200
19.145
66.440
9.576
15.778
10.614
527.876
32.549
0.144
0.000
304.925
65.019
0.017
14.896
0.128
0.631
0.000
8.726
1.472
4.430
17.123
8.898
35.797
16.364
0.000
59.587
99.021
0.008
22.433
20.321
5.062
24.316
35.561
0.000
0.000
9.415
19.866
21.233
0.000
3.369
1.080
1.031
96.305
9.363
1.207
82.787
4.798
104.926
4.627
57.131
0.058
0.000
53.332
0.000
80.636
0.099
10.240
2.855
18.544
3.143
0.704
6.997
9.021
122.018
9.378
0.866
9.045
0.072
1.115
1.739
28.532
0.038
9.361
112.707
13.332
152.756
0.017
122.459
2.812
0.000
0.000
13.703
0.037
5.177
15.398
0.000
0.720
21.465
8.849
30.311
19.909
0.252
2333156.250
17.095
190.619
0.105
21.641
0.028
119.239
15.375
32.812
151.503
20.920
105.187
46.621
0.006
468.806
69.855
38.892
2.564
0.390
21.489
7.486
70.174
110.205
0.024
0.000
16.512
6.230
1.359
559.987
44.049
9.501
1.280
0.217
0.000
5.294
0.156
5.731
0.000
1.967
12.086
11.215
57.465
8.595
0.878
0.000
223.178
10.505
34.551
54.688
2.656
9.293
10.571
0.000
1.121
0.140
0.010
0.005
1.192
20.440
13.015
110.717
3.364
137.320
7.183
7.926
0.161
0.026
6.357
5.681
0.000
0.012
0.874
0.299
79.936
87.701
0.000
0.515
0.697
0.072
0.001
110.814
0.580
0.000
10.216
0.000
2.028
495.937
8.128
7.847
0.164
0.000
226.025
0.039
3.961
187.345
0.000
10.266
0.724
35.514
93.991
0.008
19.949
6.936
0.718
1.193
105.350
38.807
6.939
12.767
0.000
0.000
0.003
0.000
0.117
42.064
9.152
0.166
24.620
5.249
47.733
37.733
0.000
1.418
6.277
184.659
3.944
129.169
30.932
37.145
0.000
0.895
296.418
0.097
0.350
362.181
0.000
38.677
0.000
2.599
1018.462
2.710
130.224
5.065
0.039
0.664
18.131
2.010
0.166
11.373
2.817
8.392
8.427
8.476
22.426
43.795
1.023
3.160
1103.325
2.971
0.298
0.000
0.106
3.123
53.898
0.115
66.603
2.233
0.716
98.785
0.019
1.131
21.826
13.101
0.253
34520.059
0.067
19.197
193.611
64.916
0.021
9.468
2.114
8.526
31.376
0.041
0.135
0.000
69.132
18.400
2.431
78.080
0.514
52.945
2.922
97.571
100.231
40.483
2.551
0.000
5.079
72.224
0.949
193.239
0.000
0.000
14.623
55.791
1156.248
11.363
0.111
14.178
1.556
1.219
385.807
0.000
1.240
4.746
2.802
0.969
0.315
0.113
5.883
1.726
91.461
0.042
1.974
0.649
66.579
3.910
10.381
0.355
0.538
17.063
0.183
19.200
0.319
4.487
10.694
18.777
3.306
54.053
3.894
0.000
0.000
6.416
1.530
1.464
333.999
0.000
15.980
11.165
36.134
1.538
1.088
5.823
5.154
8.328
83.197
0.220
0.000
0.064
0.000
3.093
1.061
2.341
8.947
0.460
0.000
8.866
40.443
9.011
0.000
80.417
66.528
200.442
13.557
2.423
0.000
4.086
0.000
0.829
143.340
5.123
12.721
45.657
1.281
119.581
223.070
102.586
0.432
0.529
24.466
0.565
13.784
0.000
42.595
131.366
0.000
8.067
0.000
9.135
0.025
29.871
25.799
11.026
0.921
18.328
2.357
13.218
0.025
10.582
30.798
1.027
0.019
12.792
8.956
5.124
9.327
336.364
6.459
3.145
0.000
9.345
8.642
26.426
81.869
7.397
29.071
9.106
0.000
26.102
0.221
18.162
13.309
27.233
7.008
0.000
1135.938
17.011
1324.527
24.419
5.252
0.000
10.048
1.077
33.869
12.433
0.000
131.629
11.927
54.710
0.000
9.767
0.099
0.212
9.974
19.181
3.416
288.505
4.166
0.217
13.218
52.486
0.627
8.494
0.320
10.006
1.096
6.843
0.042
3.587
129.117
2.778
6.142
3.925
12.159
6.382
0.319
39.899
0.193
0.071
0.357
16.121
384.830
15.528
18.093
17.187
11.849
11.055
2.023
19.409
1289.720
0.500
1.298
15.604
0.568
0.007
51.305
33.043
9.773
0.018
0.055
29.752
0.000
11.021
95950.109
0.967
35.430
30.781
354.828
0.484
34.057
0.000
17.740
10.766
106.461
0.117
206.504
21.381
24.831
0.012
88.317
10.203
0.925
13.566
1.127
2.814
0.000
33.275
0.231
4.460
1.819
12.941
28.629
4.249
32.713
37.820
140.293
86.968
2.407
0.000
7.019
23.248
5.243
25.346
0.035
8.999
497.559
10.559
127.976
0.000
190.486
0.029
89.747
1.017
64.274
0.154
0.256
0.038
2.538
0.107
848.404
0.000
0.890
0.464
87.001
0.204
2.606
0.105
0.000
0.000
18.123
0.000
10.762
86.564
14.552
28.425
0.768
0.397
10.900
6.233
2.735
0.001
1.304
0.000
9.725
7.063
0.021
86.293
0.000
23.464
125.748
201.332
4.951
11.073
89.804
18.587
0.291
36.342
568.045
9.365
2.675
5.864
8.999
0.410
0.000
375.664
3.994
2.969
0.000
2.320
108.446
446.881
14.360
10.418
39.463
0.125
20.713
9.398
10.447
5.039
0.002
0.013
18.004
0.010
78.347
0.036
0.491
0.233
0.000
13.554
0.556
12.948
8.450
2.936
3.009
10.856
0.109
415223.531
6.513
0.116
6.743
0.298
24.525
15.048
0.207
4.175
0.002
15.978
11.859
6.589
0.297
0.213
22.504
48.275
0.119
19.318
88.771
0.000
908.073
0.114
27.963
18.539
93.620
9.134
20.670
595.740
147.650
11.279
11.763
27.803
36.898
0.000
0.873
0.000
18.178
0.000
171.274
120.870
60.036
2.466
11.989
1.634
14.851
1.807
17.341
6.704
6.617
0.078
6.995
30.260
2.298
0.083
8.681
33.785
21.425
0.114
66.569
4.626
6.140
333.447
1.960
238.190
12.224
0.479
6.464
23.827
1.147
0.384
0.117
0.516
0.038
0.047
201.748
20.578
5.952
0.581
0.658
1.636
113.431
30.886
1.173
0.013
1463.581
0.435
0.151
119.829
0.310
0.593
0.000
24.018
30.396
0.000
0.166
1.499
39.806
3.238
479.734
452.971
6.658
4.884
0.456
1.777
9.255
0.500
488.448
1.750
9.184
70.140
8.680
8.504
11.304
0.348
5.352
3.793
0.076
0.000
16.885
11.084
24.877
161.346
4.918
0.065
43.618
1.304
0.183
32.388
8.532
1.691
38.863
95.867
9.667
0.563
33.274
34.806
2558.085
9.125
106.101
8.941
457.914
23.354
0.146
11.739
0.000
113.538
38.488
10.382
34.963
6.978
9.795
10.036
52.787
0.154
5.079
496.815
0.021
0.000
89.237
10.322
34.176
160.716
7.880
0.000
0.040
0.907
2.374
5.252
116.284
88.272
25.425
10.149
0.000
0.658
52.229
1.565
0.081
29.215
0.000
549.122
5.022
16.113
0.289
0.022
2.031
37.700
2.685
11.885
9.033
0.960
22.578
0.381
83.068
59.987
0.008
0.018
0.000
9.907
29.878
67.146
0.000
10.445
3.209
1.206
8.743
2.754
195.048
16.383
558.346
0.014
907.616
0.426
17.156
19.794
26.714
65.259
0.541
17.292
2.068
0.101
42.367
40.615
9.870
826.901
41.737
10.006
15.163
0.892
24.040
69.683
0.000
0.000
0.012
0.000
0.792
7.272
0.000
29.143
29.739
215.441
13.362
49.236
0.660
0.585
1.410
22.313
14.417
4.549
0.131
0.000
19.206
9.192
8.363
0.000
0.000
0.123
1.072
15.685
0.000
5.437
0.865
0.000
25.238
0.000
179.537
0.098
94.688
9.836
12.568
48.398
12.493
7403.517
0.066
0.027
4.383
0.443
0.000
0.042
6.319
0.000
7.560
0.000
1.212
3.051
1.803
0.000
30.912
0.128
19.213
48.596
0.380
0.045
320.500
0.827
1.232
4.859
0.885
0.118
0.038
0.022
0.000
0.000
0.864
4.919
14.340
0.014
0.911
3.486
23.206
526.529
1.648
1.004
1.819
15.722
14.723
13.459
30.968
196.381
0.000
0.290
50.025
11.132
662.336
228.336
16.099
2.461
0.008
0.018
0.215
9.099
4.174
9.050
19.888
4.554
0.000
285.552
3.318
56.134
0.110
0.571
3.164
0.000
11.648
212.752
0.000
0.559
6.361
36.451
309.862
0.465
0.000
9.001
0.000
600.104
11.148
11.789
84.612
5.016
3.136
13.166
105.805
8.023
22.553
0.000
108.313
113.748
35.656
0.179
64.367
4.150
5.085
0.074
114.025
115.584
0.567
2.266
38.245
0.508
30.018
18.902
0.057
2.319
0.656
0.057
111.687
0.019
1.909
31.662
11.154
0.008
26.545
0.230
92.265
0.022
12.018
9.000
2.515
2.103
25.214
0.214
0.103
102.411
0.194
21.887
0.000
207.146
0.000
