3.904
0.076
0.962
0.000
0.000
2.378
0.000
0.095
0.000
0.133
2.146
49.701
61.321
0.000
0.000
0.000
0.924
0.000
0.159
0.000
0.000
0.000
2.998
1.025
0.000
0.000
0.000
0.000
0.000
0.000
0.140
2.545
0.032
0.033
0.000
0.000
2.132
1.298
1.090
0.000
0.000
14.485
0.092
0.029
1.370
0.000
2.349
0.000
0.000
0.962
1.548
0.044
0.000
0.034
0.000
0.170
0.866
0.000
2.946
0.374
0.183
0.044
0.000
0.687
0.044
1.943
0.000
0.000
0.000
0.087
0.000
1.172
0.000
0.482
0.447
4.615
0.636
0.555
1.971
0.000
0.000
0.448
0.089
0.000
31.904
0.040
0.937
0.138
0.000
4.114
0.977
0.292
0.000
0.000
6.283
0.289
0.286
0.000
0.000
0.000
0.222
0.021
0.000
0.000
0.251
0.088
0.000
0.106
0.889
2.957
0.000
0.058
0.000
0.107
0.000
0.000
0.210
0.028
0.000
0.000
0.000
0.000
0.122
3.923
1.050
0.000
0.000
145.661
0.000
2.191
0.126
0.230
0.197
0.000
0.000
0.000
0.000
0.000
3.552
0.000
0.047
5.406
5.400
0.146
0.096
0.055
0.000
0.738
96.701
24.697
0.000
0.098
0.396
0.000
0.017
0.241
0.322
0.000
2.783
1.920
0.349
0.102
2.636
0.113
0.000
0.000
1.471
0.865
0.000
1.518
3.427
0.000
0.915
0.000
0.010
0.000
1.131
173.795
1.007
1.067
0.000
0.000
0.000
0.000
0.948
0.000
0.022
0.000
0.000
0.072
2.019
0.000
1.843
0.000
0.758
0.011
1.212
0.486
0.010
0.057
0.003
2.501
0.026
0.000
0.000
2.331
0.000
17.136
1.027
3.140
0.381
3.964
0.000
0.034
0.029
1.369
3.254
12.318
25.076
0.000
0.000
0.000
0.140
5.396
0.141
0.000
0.000
0.058
0.000
0.000
1.325
0.000
0.000
2.646
0.000
0.000
0.000
3.638
1.229
1.255
0.099
1.180
21.860
4.902
0.000
0.149
4.761
16.348
0.230
6.116
0.000
1.837
0.000
16.336
0.000
0.000
280.544
0.000
0.000
1.896
0.041
0.000
0.167
17.911
1.682
27.640
0.182
2.451
0.000
0.000
0.000
0.039
0.000
0.236
2.006
0.277
38.538
0.692
0.000
0.000
2.507
0.000
15.754
0.068
0.000
0.000
0.328
0.000
0.000
0.000
0.401
0.000
0.000
0.819
0.126
0.097
0.101
0.004
0.536
3.064
0.002
56.865
0.000
8.345
0.000
1.048
0.333
0.061
0.000
0.000
38.693
0.000
0.023
0.000
1.829
0.000
0.000
0.036
0.793
0.579
0.000
0.000
0.004
0.840
1.242
0.068
0.992
0.000
0.174
0.000
0.988
0.000
1.310
15.247
0.000
1.098
15.586
0.000
0.000
0.147
0.000
0.112
0.000
0.229
0.000
0.688
0.002
0.000
1.132
0.000
1.881
18.820
0.173
1.409
0.121
0.204
0.000
1.192
0.408
1.215
2.146
0.311
0.000
0.031
0.000
2.546
0.000
0.000
0.770
0.000
0.918
0.573
1.869
0.000
0.000
0.530
0.174
0.000
0.199
0.049
1.236
0.000
0.000
0.000
0.000
22.812
0.350
0.140
1.246
1.599
0.364
3.033
0.000
0.000
0.531
0.362
0.000
1.725
0.186
9.432
9.417
0.000
0.964
0.330
0.000
3.154
0.000
1.529
0.000
0.000
0.000
0.000
15.850
0.101
0.857
0.000
0.014
1.189
0.029
12.492
0.000
3.188
0.417
1.196
0.000
1.066
61.212
0.000
0.445
0.000
2.230
1.297
18.470
0.006
0.000
0.000
0.000
0.088
0.000
0.000
0.000
0.000
0.147
0.000
0.000
0.000
0.242
1.367
0.135
0.087
0.109
0.000
0.064
0.046
0.000
0.000
10.800
0.028
37.294
1.758
0.121
0.936
0.000
0.000
0.023
1.875
0.000
0.297
28.319
0.024
0.154
0.000
0.000
0.841
0.000
2.050
0.019
26.142
0.113
0.000
1.491
0.000
0.164
3.231
0.000
5.804
0.115
0.000
0.970
4.853
0.000
0.368
0.000
0.000
0.000
0.000
1.927
2.064
0.000
0.432
2.328
0.000
1.066
0.722
0.022
0.033
0.000
0.000
0.031
0.000
0.000
0.389
0.114
2.195
0.037
0.053
0.000
0.320
1.661
0.015
0.000
85.843
1.885
0.000
0.216
0.000
0.448
0.014
0.000
0.000
0.000
0.000
0.000
0.287
0.000
0.000
0.106
0.000
0.031
15.229
0.000
0.288
0.228
0.042
0.000
0.073
0.924
0.047
0.000
0.000
6.711
0.937
0.000
0.000
2.830
0.291
0.505
0.053
0.596
41.239
0.965
3.024
0.122
0.033
0.000
0.000
0.000
0.002
113.698
9.304
0.991
0.000
0.000
0.000
1.320
0.162
0.000
0.223
0.184
0.000
0.000
1.204
1.348
0.000
0.000
12.393
0.000
2.018
0.640
0.000
0.326
0.105
28.423
2.756
1.464
0.000
0.626
0.000
0.078
10.674
0.846
2.021
0.000
0.007
0.000
0.000
0.395
0.000
0.000
0.000
2.057
0.073
0.565
364.644
0.331
0.016
50.791
0.247
0.976
0.019
34.547
2.798
0.187
25.076
0.000
0.194
0.000
3.870
0.686
0.083
13.058
0.128
2.030
0.061
1.256
0.061
0.000
0.000
0.108
0.000
3.029
0.000
0.000
0.000
1.264
0.077
0.000
0.322
0.000
0.000
0.000
0.000
0.172
0.105
3.751
0.000
0.000
2.307
2.220
0.000
0.535
0.000
0.000
117.092
0.750
0.000
0.547
0.688
1.078
0.000
0.000
4.122
0.000
6.760
0.000
0.562
0.724
0.000
0.002
0.371
0.026
0.000
0.073
0.003
0.598
0.986
0.629
1.162
1.003
0.019
0.043
0.997
12.412
0.000
0.326
0.000
0.000
0.000
0.000
0.851
0.998
77.950
4.787
0.000
0.000
1.400
0.062
1.888
0.000
0.045
0.293
0.000
0.000
7.628
0.266
0.000
0.328
7.653
0.912
0.013
0.038
0.533
1.156
8.133
0.031
0.000
0.698
137.634
0.984
0.017
1.693
0.000
0.773
0.397
1.377
0.775
12.164
1.210
0.000
0.132
0.030
0.442
0.000
0.065
0.000
0.878
0.285
0.000
0.000
0.590
0.000
2.165
0.164
2.266
0.000
0.000
0.000
0.000
0.000
3.677
0.000
0.053
1.513
0.000
1.851
0.000
0.000
0.062
1.798
0.000
2.601
0.026
1.306
0.424
0.000
2.913
1.445
21.530
2.696
4.005
0.000
0.030
0.000
4.120
5.557
0.000
8.238
0.000
2.808
0.013
0.142
0.000
0.000
0.000
2.248
0.135
0.100
5.693
0.668
0.076
0.000
0.759
0.000
0.000
28.231
0.000
11.561
2.576
0.571
0.466
0.000
2.770
2.817
0.000
0.000
0.014
0.060
0.387
0.000
0.774
1.393
0.208
0.000
1.610
0.000
0.000
0.000
99.550
0.000
0.000
0.000
0.000
0.097
0.000
0.000
0.672
0.000
0.000
0.029
2.428
3.551
18.731
0.000
0.027
4.667
0.121
0.300
0.676
1.665
0.073
0.811
1.063
0.000
0.136
0.511
0.000
23.145
0.791
0.000
148.569
4.237
0.000
0.000
6.184
0.401
0.390
0.000
0.000
0.526
1.256
0.179
1.012
0.000
0.000
0.000
0.905
0.298
0.417
0.000
0.140
0.000
0.000
0.000
0.000
0.883
0.000
0.000
0.000
23.987
2.852
2.736
1.073
10.930
0.052
0.084
0.004
0.000
0.000
0.300
0.006
12.716
0.000
0.000
0.000
0.000
13.145
0.000
7.434
0.039
0.207
0.725
1.514
2.383
0.197
0.266
2.030
0.000
1.269
0.000
0.031
0.390
0.000
0.057
0.000
0.578
49.807
4.627
0.428
0.000
0.007
0.000
0.010
1.274
0.000
0.116
11.844
0.218
0.000
12.102
29.476
0.000
0.909
0.129
0.283
0.000
0.000
0.000
0.000
0.000
0.000
3.483
0.000
0.000
1.945
0.000
0.152
5.423
0.000
3.373
0.785
0.000
0.007
0.000
0.256
2.848
0.728
2.387
1.679
0.176
1.014
0.000
0.005
0.000
0.000
0.066
0.473
0.000
0.000
20.631
0.000
1.042
0.000
0.238
0.000
0.042
0.000
15.932
0.000
1.049
0.004
0.000
0.000
0.000
0.000
0.815
0.000
4.348
8.622
0.000
2.943
0.000
0.049
0.028
1.066
0.451
0.469
0.000
0.000
39.585
1.882
2.830
0.000
7.894
0.000
0.950
0.000
1.020
0.000
0.040
19.939
0.033
1.569
0.000
4.673
0.033
2.781
1.057
1.061
0.000
0.376
0.000
0.140
0.000
0.000
1.591
0.835
4.040
0.041
0.114
0.090
1.357
0.899
0.191
0.000
1.582
2.633
0.000
0.000
0.236
0.000
0.819
0.427
0.000
0.000
0.180
0.000
0.829
1.168
0.000
0.064
0.000
0.000
0.977
17.670
2.147
0.542
0.036
0.115
17.681
0.006
2.284
0.000
0.793
0.000
0.000
0.000
2.535
2.654
0.637
0.000
0.000
0.000
0.000
0.000
9.029
1.225
0.088
0.561
4.325
0.000
0.000
3.105
1.926
0.506
0.876
3.552
0.142
0.334
0.000
25.354
0.000
0.072
3.195
1.305
0.144
0.023
0.000
0.000
2.323
0.000
0.000
2.552
0.000
24.983
0.000
0.000
0.189
0.287
0.000
0.064
18.605
0.000
0.000
0.217
0.000
0.000
0.000
0.000
0.000
0.000
0.006
0.000
1.438
2.208
1.944
5.576
0.182
0.075
0.000
0.000
0.131
0.000
0.000
0.000
0.000
0.000
0.000
0.000
0.644
0.014
0.033
0.000
0.000
16.190
0.451
0.534
0.000
0.579
0.000
0.060
1.656
0.770
0.046
0.000
0.000
0.941
1.060
0.000
0.405
0.000
0.742
0.109
0.054
0.092
0.007
0.000
0.676
0.000
0.035
0.000
0.946
0.368
0.000
0.000
0.991
0.075
0.000
0.000
0.073
0.000
0.479
0.000
1.718
0.174
53.842
0.000
0.065
0.000
0.078
0.000
1.570
0.000
0.000
0.256
1.758
0.000
2.162
0.000
0.000
0.620
0.000
0.068
0.000
0.318
0.384
0.032
0.245
0.000
0.412
0.000
0.000
0.010
0.000
0.000
0.246
0.039
24.414
3.349
4.005
0.000
42.366
0.006
0.247
0.000
0.000
0.637
45.571
0.000
0.003
0.000
16.559
0.009
0.000
0.434
1.023
0.000
0.001
1.321
1.265
11.420
0.000
1.130
0.160
0.394
0.173
0.092
0.054
0.011
0.000
0.000
1.115
0.000
16.458
0.111
2.733
0.240
1.320
106.285
0.000
0.020
2.663
0.056
0.040
10.102
1.203
0.303
0.000
0.186
1.617
0.865
1.979
0.000
6.758
13.409
0.000
41.378
0.000
0.000
0.000
0.000
0.144
1.077
0.000
0.331
0.044
0.255
1.043
0.000
1.202
0.000
0.465
0.031
2.345
1.097
0.000
0.000
0.057
0.759
0.000
0.174
0.000
0.209
0.000
2.232
0.300
6.687
0.391
28.090
0.000
0.187
0.114
0.000
0.502
0.271
0.000
7.195
0.000
0.000
0.897
0.208
0.000
0.799
0.698
0.685
0.765
0.974
5.774
0.000
1.959
0.933
0.231
2.503
0.000
0.298
0.000
0.097
1.847
0.726
0.030
0.000
0.586
0.060
0.000
0.000
0.305
1.880
0.000
0.069
3.783
0.582
0.667
27.545
4.197
0.096
12.144
0.000
0.963
0.044
0.015
8.579
0.469
0.389
0.778
0.753
0.077
2.869
0.000
19.425
0.000
0.281
0.212
0.436
0.000
0.914
1.624
0.997
0.000
0.000
0.488
0.104
0.950
0.156
1.205
0.852
16.489
0.935
0.000
4.593
0.000
10.231
0.032
0.243
0.188
0.642
0.269
0.219
0.055
0.901
0.617
1.559
0.683
0.183
2.591
0.054
0.000
39.387
1.634
0.000
10.992
0.054
0.000
0.086
4.437
0.075
0.000
0.000
0.710
0.114
0.001
0.000
0.000
0.296
0.180
0.000
0.290
1.274
0.000
0.000
0.145
0.204
0.254
0.000
1.036
0.040
0.000
0.000
0.985
1.082
1.445
2.053
1.293
1.241
0.076
0.356
0.000
0.024
0.049
0.000
4.289
0.470
0.000
31.426
0.170
0.309
0.849
0.141
4.167
0.115
0.000
0.552
0.147
1.479
0.000
2.008
1.812
0.000
1.205
2.158
0.007
0.082
0.000
0.000
3.014
1.904
9.394
1.146
1.492
0.313
3.979
0.057
0.000
1.099
28.585
0.000
0.000
0.318
0.000
29.501
0.243
0.142
0.038
0.000
0.000
118.412
0.000
1.105
0.020
0.000
0.056
0.000
0.003
0.024
0.246
3.879
0.250
0.114
1.703
0.176
7.276
0.363
0.000
0.153
9.102
0.000
0.058
0.291
0.930
0.000
0.000
0.224
9.449
0.000
0.000
0.030
0.569
0.287
0.783
0.098
0.000
0.195
0.000
1.016
0.000
0.028
5.864
4.091
0.000
0.073
0.184
0.168
37.515
0.083
1.750
0.037
0.014
6.952
0.134
1.056
2.077
3.736
0.000
0.042
0.023
15.108
0.000
32.052
0.803
0.000
0.990
0.028
0.000
17.724
2.062
0.554
0.064
0.000
0.000
4.512
3.174
0.114
16.678
0.000
1.926
0.000
2.489
0.000
62.505
0.546
0.000
0.593
0.337
9.127
7.710
0.588
1.619
19.636
0.783
0.214
0.302
3.948
7.322
0.455
0.201
1.821
0.000
0.000
0.000
0.000
0.493
0.000
0.038
0.000
0.046
0.000
0.078
0.221
0.188
0.748
0.000
0.220
0.201
0.220
21.614
0.000
0.000
1.595
0.000
0.287
0.394
0.000
0.000
0.000
0.073
0.000
0.000
0.000
0.990
0.040
0.303
0.000
15.976
1.594
0.630
2.820
3.130
1.255
0.179
9.213
0.254
0.420
0.000
0.723
0.789
0.000
0.000
2.157
0.539
0.000
13.410
0.273
0.000
0.119
1.205
3.024
0.350
0.780
0.000
0.000
0.337
37.211
0.499
5.782
1.320
0.264
1.651
8.311
50.331
0.061
0.603
0.000
0.381
0.000
1.000
0.877
0.000
0.000
0.000
1.099
0.287
2.836
10.372
0.000
0.000
0.758
0.000
0.000
0.000
0.031
0.000
0.024
53.082
1.364
8.431
5.157
1.243
2.119
55.880
0.162
2.004
0.721
1.404
105.901
41.096
0.000
2.239
1.598
2.536
0.173
0.879
0.657
2.895
0.000
0.215
0.000
7.454
11.758
0.991
0.000
0.047
1.578
0.000
0.015
9.933
14.317
95.810
1.801
0.121
0.632
3.674
33.260
0.000
0.000
0.038
0.000
3.339
0.987
39.074
1.055
1.669
0.654
72.044
0.819
0.273
36.355
3.853
0.726
0.251
9.167
0.000
0.754
1.226
0.216
411.944
0.327
0.785
1.559
2.817
0.246
0.838
1.274
5.118
7.756
7.525
0.074
0.000
2.173
25.610
0.000
0.979
0.000
1.014
1.498
1.747
10.128
0.514
0.000
1.785
3.280
2.186
1.950
1.587
0.936
3.128
0.076
2.589
0.996
10.051
15.801
0.196
3.673
4.416
0.190
2.664
0.046
4.130
0.248
8.269
0.471
1.544
0.000
0.444
0.583
0.610
0.044
0.129
0.000
0.024
1.444
1.206
0.846
0.569
15.291
61.164
3.398
28.840
0.000
0.000
0.002
323.485
0.043
0.000
1.782
0.000
19.592
0.413
1.048
0.005
1.894
6.843
5.008
10.193
1.745
1.106
24.535
82.596
0.229
2.212
0.861
0.000
0.000
0.000
6.320
0.102
0.102
3.924
0.000
0.361
3.300
0.000
2.682
2.384
0.541
0.000
1.097
0.000
0.187
0.000
0.190
1.569
0.632
0.010
0.000
0.805
2.185
2.353
6.472
0.006
1.066
1.761
13.238
1.319
0.802
16.670
0.000
0.274
1.089
0.507
1.568
5.729
0.184
0.254
0.420
66.512
1.252
0.000
47.179
1.634
0.155
0.000
0.040
1.168
0.000
0.000
0.982
0.474
0.210
4.809
13.673
2.205
0.374
0.085
1.520
0.043
0.052
3.907
0.000
23.417
0.397
0.000
0.000
0.079
0.989
0.114
1.051
1.406
2.401
56.491
0.763
0.590
1.251
0.919
2.711
4.184
0.470
0.000
0.482
0.380
21.222
22.219
0.438
0.514
1.134
0.523
0.676
0.000
0.721
0.475
20.354
0.000
0.000
0.147
0.054
0.226
0.093
0.687
0.077
0.028
8.132
0.000
0.509
0.164
0.096
0.623
1.244
0.000
0.000
0.000
0.000
17.441
43.703
2.025
0.603
0.000
0.817
3.522
0.000
0.072
8.080
0.140
0.000
0.066
0.195
16.961
0.000
8.495
11.602
0.000
0.000
43.488
31.058
0.953
0.007
0.450
0.876
0.000
0.000
0.158
0.561
2.541
0.000
32.469
0.684
4.991
0.509
0.010
1.616
11.356
0.208
0.000
0.000
46.197
0.653
0.085
0.120
0.560
9.078
0.023
6.907
0.000
18.757
2.000
0.185
5.729
2.198
0.000
65.648
1.667
0.674
1.413
3.857
0.006
0.093
1.051
3.382
0.279
0.000
0.000
0.472
0.017
0.929
1.420
34.746
3.786
47.254
0.000
1.373
39.752
30.859
0.149
0.000
1.284
1.423
0.038
0.646
0.097
0.289
0.758
3.401
0.128
0.049
1.026
0.011
0.000
1.730
1.091
1.866
0.000
0.937
3.434
1.102
11.490
78.749
0.632
4.211
14.560
3.272
0.073
1.283
0.000
0.000
0.000
5.919
0.124
6.058
0.437
1.008
0.569
0.370
1.256
0.313
0.310
0.005
5.285
0.080
1.088
1.256
1.983
0.000
0.031
2.052
0.000
1.229
0.223
0.178
36.121
2.352
1.383
0.000
0.000
3.086
0.376
3.476
6.458
0.181
8.523
0.000
4.413
0.129
3.676
33.757
5.730
2.461
1.608
0.016
0.027
0.000
4.720
0.068
54.422
3.119
0.024
3.378
77.172
7.250
7.639
0.000
1.146
0.023
0.383
0.152
0.047
1.216
0.213
0.046
0.037
0.099
0.884
0.480
4.520
0.937
1.628
0.033
0.694
1.198
0.000
29.828
2.228
167.581
1.776
1.157
20.816
5.492
0.683
3.592
16.635
1.768
0.261
0.183
20.206
30.714
1.145
9.491
1.922
119.066
0.105
1.391
53.000
0.440
2.207
22.503
2.824
0.183
19.112
0.020
1.828
1.662
3.296
15.640
0.086
2.074
8.238
2.432
44.661
0.000
0.000
39.251
5.327
0.000
4.705
0.281
4.824
1.475
3.720
4.567
0.744
0.000
0.000
3.642
0.458
0.011
0.339
1.156
0.287
0.372
0.000
0.053
1.726
5.086
20.545
0.670
0.418
3.369
1.762
0.000
1.633
1.010
0.942
1.838
5.875
19.760
0.000
0.154
1.585
0.185
14.309
3.337
1.675
0.089
0.616
3.792
0.067
4.577
0.501
14.494
1.867
0.072
24.084
0.037
0.000
0.289
0.557
38.937
0.016
0.737
17.506
0.028
21.192
8.733
9.002
0.478
0.586
0.166
0.000
0.946
0.000
0.829
0.041
0.740
0.005
0.883
0.536
2.567
0.609
0.000
0.003
0.427
2.133
0.630
0.097
0.086
0.000
2.888
0.057
0.261
0.000
0.000
2.699
0.000
0.000
0.712
1.623
1.045
5.484
0.229
0.491
36.326
2.894
5.515
0.069
0.000
2.282
0.068
0.972
4.817
0.385
5.022
4.403
3.754
0.514
0.000
0.000
2.894
0.000
0.000
0.533
5.046
0.176
2.206
2.411
0.000
1.132
1.136
0.042
0.000
6.175
1.658
0.000
0.000
0.000
1.060
0.000
0.007
0.717
3.400
0.000
27.247
0.000
1.088
2.975
58.935
0.019
11.786
2.092
0.174
0.000
3.189
11.486
0.393
0.023
126.236
0.324
3.993
0.129
0.763
0.000
8.285
0.028
0.142
1.285
0.755
2.141
0.000
1.188
19.667
0.092
0.000
0.248
0.051
6.032
0.286
7.209
3.487
0.415
0.000
0.007
0.667
0.000
33.769
1.174
0.015
2.683
0.342
300.655
0.000
0.295
0.000
0.680
0.000
12.423
20.386
15.515
21.170
0.000
3.161
0.802
0.000
0.300
0.000
1.515
5.798
0.249
1.705
19.486
4.113
1.483
2.827
0.164
0.971
3.706
0.344
8.685
5.353
115.750
2.140
0.000
1.128
0.037
0.592
36.850
27.183
0.116
8.625
4.834
1.308
17.123
2.345
1.266
0.000
0.333
14.597
0.456
0.460
0.420
0.493
0.000
0.259
0.642
2.017
9.152
6.491
42.779
13.744
0.538
37.051
0.007
5.038
0.000
1.239
0.171
2.926
5.932
0.000
3.495
1.774
17.788
0.944
9.852
0.689
3.460
0.306
23.589
2.233
8.645
42.837
13.126
0.000
23.294
15.168
9.207
0.066
0.002
1.621
7.233
0.000
0.310
1.501
0.000
0.074
1.374
2.428
0.275
14.090
1.406
0.366
1.481
0.053
0.000
0.436
1.339
39.808
3.604
16.161
0.443
17.214
0.778
0.829
2.077
0.000
0.000
0.003
0.093
25.754
46.582
0.000
14.731
0.025
0.979
59.497
0.405
0.000
5.753
3.107
0.297
4.009
5.748
0.476
1.242
0.003
0.797
9.687
0.000
0.246
0.352
0.000
0.441
6.950
0.980
0.000
2.719
0.000
2.502
0.729
2.939
0.276
0.024
0.000
0.000
0.697
17.920
0.224
2.062
0.000
0.013
0.000
10.025
1.120
1.627
0.146
7.144
0.000
2.086
0.000
0.813
2.674
0.000
0.865
0.000
0.000
0.124
0.024
113.720
0.685
1.458
0.000
13.101
0.000
0.000
0.014
0.319
8.089
0.006
0.172
2.544
0.048
0.032
0.502
0.000
0.000
0.000
0.006
12.875
0.002
1.258
0.033
0.668
5.205
0.000
0.264
0.215
1.655
28.105
3.415
0.056
0.088
5.611
0.708
8.422
10.015
1.600
0.001
2.494
0.608
0.501
0.035
0.040
17.905
1.029
1.147
16.621
0.017
0.968
0.942
63.087
0.189
1.246
0.646
1.725
0.070
0.775
2.018
11.457
3.230
0.412
1.791
0.076
0.000
0.271
0.244
0.000
0.000
0.011
13.585
1.020
0.515
0.004
6.211
3.622
2.686
1.418
0.683
1.102
0.117
2.740
0.522
0.415
0.000
9.284
0.424
0.923
0.463
6.864
34.854
2.487
229.527
1.916
1.570
6.505
73.607
1.881
1.072
0.621
6.363
4.174
0.162
0.000
0.000
0.048
0.023
16.304
1.141
1.506
0.000
1.857
0.560
17.274
0.079
3.991
0.145
0.029
0.608
3.082
24.682
2.945
0.102
0.434
0.698
1.196
0.269
0.000
0.085
1.277
2.304
2.823
34.098
15.790
1.003
0.940
0.000
9.183
0.000
0.867
1.306
0.475
0.076
0.000
4.082
0.905
2.318
1.425
0.663
1.582
0.000
0.023
3.223
0.219
0.159
0.125
1.153
4.062
0.000
0.283
0.838
1.712
7.410
0.576
0.000
0.000
0.101
11.346
0.000
0.261
0.778
73.513
0.759
2.699
0.279
0.842
0.083
1.164
0.000
2.198
0.337
1.362
0.148
1.478
0.916
0.498
1.491
25.253
0.450
11.849
1.969
0.422
4.815
0.512
69.003
4.799
0.000
1.747
0.024
0.301
12.723
0.042
12.291
45.036
1.012
1.695
3.203
13.593
0.023
0.285
0.128
24.662
0.876
0.003
2.258
60.349
2.641
0.213
2.216
9.693
0.307
16.548
0.000
0.593
2.883
0.298
1.055
60.133
1.580
0.480
0.000
0.111
0.040
14.277
1.178
0.000
9.297
1.533
0.000
0.032
5.232
0.104
1.131
0.527
1.813
3.769
0.639
23.384
5.499
0.345
1.661
0.789
0.014
6.126
0.143
0.000
0.000
0.000
0.179
3.018
3.532
14.383
0.000
0.506
0.000
0.352
0.426
0.533
35.807
12.080
103.097
4.115
0.000
0.017
1.256
0.000
583.099
0.871
0.033
9.144
0.001
9.163
1.750
0.000
0.413
1.104
0.928
1.105
49.235
1.050
0.284
0.000
3.183
0.379
0.402
0.000
3.200
0.000
0.580
0.069
58.592
0.906
0.000
0.998
0.009
3.297
0.023
2.733
0.000
2.775
0.261
0.915
0.824
0.000
0.000
0.777
0.000
2.917
1.314
0.363
0.000
0.792
0.032
4.577
12.569
2.492
0.247
0.297
0.315
0.007
28.517
0.000
0.000
0.012
0.346
0.028
3.591
0.000
8.750
0.237
0.000
34.282
0.000
6.394
0.611
5.485
4.938
2.872
0.535
0.380
1.540
17.118
5.990
0.646
0.000
184.858
22.610
0.000
1.621
3.218
0.166
0.679
0.000
3.921
0.334
3.667
8.165
21.700
0.111
0.080
0.166
6.140
0.075
32.617
26.303
1.120
25.114
4.539
0.048
0.067
84.685
5.904
0.069
0.803
0.214
0.141
0.989
0.964
0.629
6.410
0.425
2.009
1.711
0.021
1.525
23.284
1.877
10.446
0.096
0.005
2.507
0.367
42.780
5.346
0.007
1.446
0.000
8.931
2.076
0.745
0.741
0.000
0.829
0.652
2.799
0.939
1.134
0.152
1.599
0.000
114.819
0.932
7.427
0.122
2.535
1.055
1.011
2.424
1.848
1.444
0.357
0.555
4.029
0.000
0.042
3.903
2.715
2.159
0.691
0.006
0.000
3.095
0.010
0.051
1.677
0.864
2.097
49.493
0.459
0.681
0.000
0.772
4.653
2.193
4.255
0.298
0.014
0.223
6.995
0.170
0.468
1.299
3.504
0.915
33.373
0.817
2.542
1.541
1.480
0.137
0.000
81.137
0.290
3.586
1.714
1.113
8.798
0.270
0.000
0.111
42.848
0.000
0.208
0.000
104.988
6.729
0.091
0.441
0.000
5.643
0.083
0.532
1.078
0.000
0.075
1.458
0.144
0.913
4.364
0.000
0.024
0.000
0.579
0.000
14.038
0.448
0.760
2.090
0.000
24.762
0.731
0.065
0.000
14.709
10.307
0.865
0.490
5.152
0.457
20.714
0.202
55.747
0.260
1.249
36.100
3.172
0.514
0.019
0.254
0.064
0.550
0.461
0.000
0.000
2.897
0.000
0.016
0.000
1.322
1.306
0.028
0.000
0.029
1.683
22.507
0.743
17.560
1.035
11.520
0.949
21.769
0.073
0.250
0.000
0.000
0.045
5.710
18.361
0.965
0.110
0.003
110.940
0.000
0.080
0.000
1.300
0.103
3.403
0.000
1.982
0.000
0.067
0.217
23.913
0.307
3.460
9.693
3.041
11.601
0.411
1.636
1.338
6.354
0.000
0.096
2.007
0.694
0.000
4.306
0.021
0.330
0.720
12.381
9.096
2.759
0.285
0.030
1.718
0.671
1.392
0.000
0.928
0.000
1.025
0.207
0.624
0.284
16.426
0.000
1.085
13.143
0.815
0.405
33.631
0.699
0.119
0.370
6.755
0.065
7.236
4.374
1.542
0.000
0.028
3.489
7.851
0.000
5.227
0.265
0.169
0.675
0.699
0.609
1.066
0.011
0.182
0.174
0.000
1.128
1.645
0.000
4.686
2.461
0.952
0.000
0.000
0.036
0.886
0.016
1.721
0.146
1.277
0.000
1.421
2.018
0.791
0.035
4.519
4.442
0.970
0.000
0.084
0.068
0.000
0.221
2.942
0.000
1.967
18.639
9.251
33.466
11.358
0.915
0.009
0.000
0.174
0.000
0.841
0.000
2.299
1.767
57.967
0.000
16.119
1.070
3.086
17.130
3.179
1.271
1.413
0.028
0.371
1.478
0.200
0.453
2.211
0.795
2.260
0.026
0.072
2.376
0.000
2.101
0.000
1.069
4.596
6.732
0.000
0.026
3.319
9.641
0.258
0.460
3.401
0.059
1.930
0.179
0.062
0.410
2.612
0.023
33.394
1.669
1.320
3.293
0.335
26.507
0.916
2.424
1.156
2.192
0.035
0.028
0.956
0.317
3.680
2.978
6.987
0.014
1.089
2.484
0.984
0.131
0.740
0.000
0.678
22.686
1.009
0.467
0.219
0.216
45.498
0.049
0.097
0.228
21.761
0.119
0.000
0.045
0.019
8.081
7.127
6.149
0.228
0.000
3.776
13.918
0.000
0.519
0.000
0.773
0.103
50.306
0.542
0.246
4.247
0.344
0.000
0.128
0.000
3.807
0.681
0.000
0.000
3.037
0.970
3.129
0.000
169.871
0.434
0.719
32.907
2.207
145.675
79.459
3.109
0.011
0.008
0.000
1.516
2.061
0.000
0.154
0.113
0.000
2.911
0.676
1.167
3.562
0.031
0.917
1.190
0.729
0.976
1.691
0.290
0.468
0.306
0.371
0.036
1.067
6.771
0.033
32.303
0.169
0.000
2.577
19.995
1.287
0.113
1.456
0.346
1.437
2.607
0.000
5.489
0.377
2.740
21.685
0.000
0.870
8.761
1.502
3.671
0.309
0.000
3.468
0.377
3.419
1.282
2.554
0.092
3.687
10.651
11.639
19.750
1.888
0.241
2.392
0.973
0.048
1.205
6.707
23.422
0.035
2.904
0.065
13.554
10.514
2.845
0.031
0.780
4.037
0.265
2.405
0.092
0.097
3.420
0.968
0.080
4.331
1.489
0.014
1.261
0.000
1.671
0.053
1.600
0.000
6.609
3.193
29.592
0.084
0.048
1.210
1.474
0.081
1.283
0.000
0.966
0.604
2.150
2.660
0.253
0.000
0.000
1.254
0.784
0.301
9.687
1.499
11.679
0.943
65.770
0.000
0.016
0.000
17.139
86.571
37.195
0.000
0.410
0.000
0.560
3.462
33.059
0.227
1.739
0.673
0.044
0.872
1.183
2.498
0.003
0.177
7.384
0.578
1.645
0.758
0.129
0.096
5.598
0.444
1.786
0.056
0.591
7.962
0.189
33.243
1.342
4.633
2.241
0.215
1.497
10.427
3.794
8.720
0.000
1.017
2.909
1.536
4.864
3.171
0.932
15.268
0.000
0.740
1.037
1.535
0.000
0.000
1.850
2.659
1.769
24.924
0.981
2.499
0.000
0.034
5.865
0.000
0.097
43.270
0.073
0.430
1.184
0.022
1.554
0.000
1.297
1.011
1.662
4.719
0.604
0.000
1.086
0.000
2.027
9.977
0.016
0.108
0.000
15.887
0.000
0.000
0.006
0.106
0.000
0.000
0.000
0.792
0.040
0.000
0.035
0.747
0.436
0.127
9.511
2.285
0.101
0.000
0.421
0.000
0.702
0.041
6.763
2.667
0.013
2.384
0.255
5.351
0.387
1.728
0.210
0.987
2.014
2.506
0.000
2.163
0.121
0.853
1.622
0.000
0.671
1.871
0.000
3.531
0.000
1.518
0.387
8.271
0.584
27.634
0.237
0.625
0.360
1.889
3.348
6.447
0.000
0.912
0.795
1.130
0.268
0.000
0.250
0.737
0.094
0.997
3.544
0.000
90.299
0.000
16.251
0.987
1.178
0.000
7.476
0.000
0.698
4.958
0.067
0.021
0.018
1.638
0.096
0.000
3.223
1.606
0.186
1.143
22.270
0.000
3.317
0.210
0.000
0.000
0.324
0.778
0.319
2.881
1.221
1.243
0.021
68.542
10.894
37.982
2.029
1.014
1.783
0.611
2.069
1.718
0.202
3.444
0.763
0.155
15.519
0.000
33.599
0.000
0.990
0.481
0.842
0.073
10.530
0.000
1.393
0.000
1.243
0.524
0.869
0.000
0.000
1.050
0.389
0.000
1.251
5.793
0.010
5.852
1.789
1.399
0.166
0.000
8.740
0.000
0.000
0.046
6.321
0.637
4.947
0.000
3.037
0.070
0.154
0.139
1.836
0.915
0.930
4.989
0.000
1.108
18.625
1.886
0.000
6.817
1.697
3.935
0.000
0.864
0.247
4.883
0.318
4.562
5.467
0.294
0.085
1.883
0.000
19.402
3.382
0.885
0.206
12.887
0.019
0.486
0.737
0.675
0.968
1.416
0.991
0.916
1.367
88.993
0.991
1.771
1.929
2.489
0.932
1.395
0.006
1.017
3.084
2.427
0.065
4.856
0.077
0.582
0.300
0.060
0.000
0.063
3.851
0.310
0.000
3.769
0.203
0.521
1.068
0.592
0.964
0.225
1.324
1.438
6.833
3.272
1.772
0.166
2.580
0.958
3.343
8.538
2.539
0.000
14.150
0.915
0.334
0.229
0.003
0.000
2.493
0.000
0.389
44.578
1.351
0.457
1.854
1.866
1.108
0.000
0.932
0.000
1.050
0.310
0.012
0.000
12.410
0.000
0.660
14.246
1.516
1.271
0.015
0.000
3.520
0.277
3.050
3.738
65.314
1.164
0.000
0.220
0.000
1.216
0.000
5.159
0.000
0.995
0.139
0.000
0.880
1.766
0.000
2.767
0.000
26.034
0.000
0.000
1.493
0.374
0.000
9.520
0.000
0.000
1.189
0.000
0.000
0.000
13.585
0.612
0.239
0.000
0.073
0.290
0.005
6.285
0.000
1.075
55.213
0.342
3.286
3.157
0.000
1.166
0.785
3.770
0.000
0.000
0.000
0.000
0.992
14.185
0.994
0.540
12.754
0.326
0.192
4.451
0.893
0.177
2.827
0.000
0.000
0.000
3.457
0.000
0.000
0.004
3.004
1.006
15.511
8.605
0.000
1.544
0.067
65.709
6.222
0.000
1.053
1.765
0.000
0.000
0.000
0.750
0.000
0.015
7.557
5.530
0.440
0.842
1.738
0.395
0.780
3.002
7.854
0.459
0.032
1.136
7.121
0.742
3.725
0.413
0.000
0.128
0.541
24.845
132.736
1.617
27.013
5.661
1.107
1.911
0.000
1.168
43.691
0.329
5.676
6.187
2.825
4.329
0.000
1.475
0.000
7.063
0.717
0.577
16.435
0.000
4.255
0.000
0.420
0.190
0.103
0.017
0.884
3.106
0.374
0.000
0.000
2.531
0.758
2.653
0.787
1.705
0.000
3.850
2.983
3.379
0.402
0.207
0.000
11.159
2.632
2.292
0.022
0.996
1.700
1.200
0.125
0.000
5.029
0.958
0.242
4.539
0.000
5.298
0.098
3.951
0.000
0.000
5.140
28.915
18.281
6.989
0.001
5.130
0.000
1.764
2.226
0.115
5.818
4.109
0.000
44.246
1.328
0.000
13.556
0.000
0.317
1.727
1.328
0.345
9.277
0.004
0.172
0.000
3.228
1.174
1.219
63.442
0.000
0.209
0.091
0.000
16.167
31.687
0.017
0.000
5.329
0.904
2.306
0.031
16.692
4.983
3.116
0.085
3.160
0.282
0.790
0.000
1.798
5.205
1.552
0.000
49.770
6.345
0.387
7.934
1.984
0.385
0.185
1.492
0.014
27.150
0.979
0.237
0.727
0.000
2.014
0.164
0.896
0.244
0.217
2.996
4.697
2.132
1.071
12.289
0.575
0.000
6.862
0.183
2.619
0.448
52.792
0.000
1.239
1.183
2.164
0.000
0.000
0.194
1.066
1.377
3.494
0.000
35.860
0.000
3.735
1.262
1.364
1.607
0.134
0.378
0.000
0.930
4.906
0.298
0.917
1.025
1.628
0.101
1.196
1.956
0.024
0.231
0.077
53.898
7.664
0.807
1.923
28.297
3.531
0.078
0.217
1.128
0.184
0.170
0.492
1.605
0.231
1.056
0.033
7.431
0.105
0.465
0.116
1.696
0.689
0.138
0.000
16.242
18.155
0.405
0.545
0.651
0.061
0.190
7.641
0.000
7.363
0.191
2.054
0.605
1.903
1.761
1.260
9.349
129.419
0.981
0.098
2.313
0.157
0.030
97.000
0.034
0.083
0.000
0.000
22.505
0.304
4.153
0.045
0.000
0.131
4.348
3.266
0.028
0.000
0.000
74.593
0.582
0.363
1.713
0.959
0.234
19.324
0.128
0.009
5.542
3.064
0.395
5.776
0.204
0.000
0.116
29.244
5.748
32.877
0.000
0.011
0.000
0.944
0.000
3.446
0.057
0.000
1.153
3.294
0.000
0.000
0.670
0.000
0.038
105.960
2.129
0.077
1.034
6.709
0.625
1.228
0.000
3.982
0.003
0.000
0.000
1.296
0.293
0.267
29.898
2.244
0.025
0.105
5.181
9.734
0.072
0.000
6.716
82.246
0.029
0.105
3.443
2.292
17.104
11.258
0.032
35.146
0.017
0.190
0.091
1.066
0.004
4.441
0.037
4.340
0.057
1.735
0.158
0.054
5.023
0.000
0.206
0.004
39.636
1.406
2.194
2.329
0.234
0.880
1.726
0.672
6.460
0.144
0.208
14.536
0.156
0.256
0.059
0.537
0.206
0.983
0.868
0.037
0.894
0.000
1.977
0.086
10.979
37.775
0.000
2.016
0.998
1.656
2.053
0.206
0.000
4.039
2.613
1.647
0.314
3.899
0.000
8.353
0.000
8.562
1.332
31.812
1.539
1.463
0.685
3.745
6.144
0.952
0.000
0.000
11.643
0.628
0.446
1.421
0.134
0.207
4.861
0.000
0.244
0.396
0.010
6.959
0.074
0.664
0.410
0.066
0.592
11.196
158.610
10.602
2.243
5.259
0.702
0.959
2.228
0.000
1.263
2.471
1.270
0.029
1.072
1.322
0.548
10.350
1.720
2.467
0.786
3.488
0.000
2.806
3.150
0.000
3.263
10.861
0.000
4.240
0.032
0.328
3.434
0.904
0.000
24.180
0.462
5.108
0.243
3.314
3.786
0.037
0.000
0.496
1.119
8.310
0.034
0.056
0.000
1.581
0.526
3.396
0.000
0.818
12.323
0.000
0.959
11.939
0.091
2.058
0.423
3.515
0.139
9.948
0.450
23.709
1.094
0.000
0.014
2.463
1.378
1.070
1.814
0.303
0.124
0.295
0.032
0.985
0.000
1.517
0.005
0.042
1.032
0.000
43.971
1.256
2.175
4.518
0.000
17.058
0.312
1.334
0.993
0.076
0.212
9.146
0.009
1.079
0.578
1.197
2.099
0.002
0.000
0.770
0.044
8.030
27.813
2.957
0.000
69.097
5.333
0.044
0.000
0.000
0.000
1.307
1.622
10.196
0.588
0.686
0.063
0.000
0.010
0.526
1.421
7.082
0.006
3.618
0.000
0.000
0.102
0.388
3.447
2.022
4.956
0.280
0.269
0.000
0.052
0.000
0.000
1.460
0.000
0.002
0.240
0.208
0.183
0.959
21.827
0.466
1.489
0.006
6.586
3.920
13.514
0.000
1.339
0.289
0.000
0.551
0.537
0.000
0.000
0.000
0.105
0.342
47.567
0.882
1.237
2.952
0.000
0.473
1.848
0.087
4.778
0.158
0.095
0.231
0.067
0.000
72.864
14.069
3.605
1.900
43.629
0.254
0.603
0.161
0.484
0.026
0.000
11.493
2.673
0.607
0.000
0.384
0.962
0.678
0.706
0.000
0.892
0.293
0.000
14.758
0.000
0.371
0.616
0.486
0.794
0.122
25.442
1.027
1.240
0.976
0.362
0.772
3.638
0.727
0.000
31.438
0.000
0.000
0.962
0.851
0.774
26.948
61.930
0.000
2.428
25.193
2.842
0.957
0.108
3.331
0.000
5.633
0.140
75.333
0.000
0.000
0.268
0.000
1.047
0.028
0.709
0.070
3.073
0.492
0.514
5.037
4.091
0.828
0.968
0.326
23.052
2.549
1.301
0.094
10.731
0.253
0.976
0.000
6.118
5.914
21.550
6.428
0.683
0.326
0.223
0.021
0.519
0.532
0.595
0.083
1.339
0.000
1.820
0.000
5.362
14.389
0.058
0.902
4.917
8.006
1.082
0.340
0.262
1.332
0.232
0.834
1.203
1.528
4.635
0.681
0.000
0.034
0.000
2.085
0.456
3.791
11.561
1.256
0.005
0.709
0.000
0.000
0.000
0.923
0.491
0.014
0.487
21.470
0.042
0.188
0.736
0.997
1.055
0.006
0.010
0.258
1.254
16.124
2.417
0.709
0.158
0.989
0.683
0.188
0.000
10.603
0.044
0.136
6.949
2.644
1.730
2.496
0.000
1.223
0.454
0.923
7.178
0.835
0.008
0.290
1.203
4.194
0.399
2.164
1.132
0.000
0.627
0.195
0.000
1.610
2.926
27.656
8.885
0.823
0.045
4.620
14.178
1.236
0.012
0.000
2.573
0.036
2.168
7.434
3.560
6.968
0.999
17.171
0.000
0.428
78.033
0.455
0.000
1.216
6.225
1.425
0.579
43.395
1.160
0.598
3.672
0.000
2.511
16.886
16.900
0.000
20.656
6.969
0.646
25.324
0.126
2.390
1.381
6.601
0.000
0.777
0.016
5.254
14.009
0.629
0.558
0.008
0.878
0.000
0.444
1.824
0.000
0.380
0.000
0.000
3.281
0.000
0.751
0.474
0.151
0.770
1.022
0.000
0.087
0.270
1.815
0.000
1.948
0.885
1.234
0.000
19.005
53.047
6.408
0.441
2.450
0.308
0.974
1.059
0.917
0.089
0.478
1.156
0.109
0.150
2.025
18.474
1.589
0.012
0.000
0.058
1.149
11.800
4.450
0.033
0.462
0.693
0.046
0.058
2.961
0.000
1.678
1.705
0.000
2.354
0.173
0.000
25.175
1.394
0.186
9.060
2.678
1.448
1.739
0.327
0.000
62.907
2.370
1.145
0.335
10.257
0.031
1.218
2.166
0.915
2.537
0.671
1.000
1.106
0.243
0.467
1.676
1.699
0.705
0.987
0.242
0.702
0.000
0.358
0.761
0.967
16.186
0.804
12.798
0.209
0.098
0.000
12.556
77.693
0.250
0.000
5.044
0.041
0.046
1.851
0.456
4.457
0.062
2.720
3.569
0.000
0.125
11.711
8.878
0.130
0.287
0.126
3.196
14.478
0.076
0.000
3.305
1.042
1.216
3.729
4.069
0.000
0.900
1.298
4.534
23.028
0.000
39.309
0.000
0.000
0.000
0.197
0.083
70.229
0.093
0.000
2.137
0.643
0.000
43.979
10.530
0.000
0.012
0.573
0.678
0.186
0.000
0.280
11.457
25.626
1.734
2.885
0.045
0.010
0.000
0.182
0.000
0.000
0.550
0.000
5.200
0.202
0.000
61.033
44.720
1.777
6.530
1.424
1.332
0.028
0.000
8.432
1.060
0.985
3.649
0.232
0.982
2.216
0.000
3.636
0.121
0.162
0.588
43.692
0.016
0.324
38.544
0.021
1.042
1.132
0.058
0.663
0.000
64.400
0.000
0.992
0.000
0.000
0.000
0.000
0.302
1.827
0.000
0.054
7.635
0.075
0.727
3.658
0.018
4.827
0.259
0.021
10.465
0.020
10.109
4.774
0.000
20.158
0.034
0.629
0.000
8.737
0.293
0.551
0.000
1.105
0.000
0.064
0.026
9.172
0.000
2.934
0.000
3.049
1.358
2.328
1.819
0.000
0.988
0.556
0.332
0.413
1.570
31.511
0.087
4.541
0.012
0.157
2.288
0.527
0.000
98.863
5.115
1.514
0.034
0.000
2.268
0.705
2.010
12.028
21.682
0.025
0.005
1.025
0.000
0.961
0.047
2.650
0.376
0.016
14.895
11.792
2.390
0.000
1.595
0.006
0.907
3.864
0.000
16.939
0.639
2.058
8.715
0.000
1.060
0.072
0.000
1.370
5.632
8.187
0.000
2.139
5.378
3.218
0.959
0.697
20.565
3.012
1.636
2.425
0.058
1.365
0.000
2.217
8.156
0.201
78.298
5.497
0.000
48.117
2.793
0.997
3.001
11.272
1.723
0.994
0.328
0.000
36.260
1.000
0.426
15.538
0.874
0.569
0.775
2.055
2.123
4.209
1.753
0.092
1.326
14.270
13.141
0.256
21.536
0.020
0.235
3.723
0.225
165.158
1.088
3.327
0.000
0.717
0.994
3.713
0.000
0.000
0.000
0.000
1.392
1.270
12.260
0.992
0.000
0.020
1.006
5.139
6.452
0.023
0.000
13.711
0.349
0.000
1.695
0.854
0.000
3.416
0.000
0.034
0.000
0.000
15.275
0.363
11.284
0.524
3.308
1.947
0.029
0.051
3.168
0.000
30.966
0.000
8.731
0.197
0.706
0.338
0.000
0.365
0.041
4.332
0.161
15.046
0.000
67.687
0.004
1.604
1.227
27.732
6.438
0.000
0.600
0.362
31.760
19.628
4.803
6.250
2.339
0.200
1.696
1.138
0.105
1.267
0.493
0.297
0.000
1.249
0.000
0.000
3.652
0.219
2.614
28.848
1.952
0.000
2.411
0.150
1.507
0.238
0.104
0.000
13.467
0.000
1.309
0.037
0.542
2.163
0.756
0.060
0.361
0.733
0.078
0.000
1.496
1.597
1.175
9.490
0.847
0.210
0.425
6.255
0.438
0.694
0.418
2.066
22.272
0.239
0.090
0.000
4.256
7.433
4.831
12.989
0.185
13.445
0.391
0.166
0.144
0.210
4.553
4.713
1.327
3.954
0.000
14.772
6.021
0.000
0.157
0.757
0.092
1.089
0.991
2.954
0.567
0.141
1.337
0.000
0.228
0.649
2.802
0.065
0.474
0.000
0.073
0.096
0.000
0.923
2.354
0.975
0.544
0.000
0.189
0.187
0.000
0.100
1.035
1.525
51.168
0.382
34.997
28.448
1.100
0.549
0.529
0.412
1.050
0.447
1.639
7.806
0.087
4.702
0.000
0.000
0.000
0.000
1.174
4.155
0.000
15.120
0.043
0.943
0.018
2.401
2.673
21.671
0.000
0.445
3.649
2.126
0.362
0.000
0.743
1.133
2.248
1.373
5.064
4.503
0.123
0.000
7.465
1.558
23.521
0.000
0.222
0.001
6.836
4.337
0.525
35.314
0.514
0.000
6.195
0.207
0.221
0.000
1.415
0.054
1.507
3.615
0.018
0.525
0.290
0.000
0.524
0.220
0.766
0.000
4.178
0.660
4.009
0.046
2.267
8.533
0.000
0.011
16.519
0.714
0.247
1.749
0.674
1.660
0.138
0.995
27.440
0.530
0.063
3.074
0.408
0.000
0.000
0.000
0.177
0.126
0.093
0.894
1.887
1.669
2.123
0.177
150.954
19.923
0.016
1.496
0.036
0.000
0.950
0.072
0.282
6.461
0.542
0.000
0.822
0.000
0.652
20.026
0.294
6.643
1.411
31.162
38.265
1.077
0.000
1.159
0.811
0.000
0.014
0.860
0.187
0.000
13.927
1.213
6.897
53.698
84.514
0.074
1.081
0.977
0.000
0.000
0.000
5.765
0.026
0.501
29.948
1.315
0.000
0.950
30.173
0.189
0.033
8.605
7.235
0.065
0.000
0.000
0.819
0.640
31.123
0.144
0.015
55.870
3.420
29.860
2.961
2.228
1.367
0.336
2.297
0.275
1.160
11.778
2.310
1.914
0.412
5.806
4.065
2.710
1.034
13.303
0.000
0.411
0.000
1.289
2.707
0.021
4.960
3.253
7.605
15.025
0.662
7.362
0.158
56.641
0.118
1.553
12.868
3.871
0.608
0.136
1.249
1.562
0.074
0.299
0.010
2.793
80.192
0.069
0.111
3.375
0.342
8.618
0.110
21.237
1.036
0.727
0.376
6.364
0.040
3.208
0.708
1.518
25.652
6.899
0.950
33.607
0.041
0.141
1.075
87.503
25.057
11.070
0.228
0.782
5.918
0.069
0.365
0.140
2.417
4.591
0.798
0.494
1.556
0.449
1.056
1.897
0.000
1.896
2.731
0.000
0.009
80.776
0.107
3.021
0.000
11.675
61.138
1.490
0.471
0.125
1.375
0.666
0.045
2.902
0.124
0.000
3.092
2.251
1.798
1.449
3.531
26.611
1.672
12.919
2.365
0.459
1.105
6.781
0.000
0.976
1.180
0.820
0.666
1.600
0.000
38.056
0.036
19.102
0.000
1.148
1.360
10.733
0.000
0.064
2.472
3.358
10.833
0.625
1.149
3.465
4.820
1.914
0.221
32.336
11.842
0.000
0.556
0.000
1.199
1.454
0.490
0.000
0.055
0.039
0.381
1.309
0.000
1.980
0.725
0.363
0.000
0.336
2.146
0.034
1.019
0.000
2.146
0.000
2.408
1.762
0.000
0.060
3.080
40.485
0.003
0.099
0.114
0.541
1.027
16.697
0.971
0.156
3.232
1.301
0.110
4.117
0.228
0.000
2.501
1.877
0.000
0.982
1.386
0.069
4.560
0.498
0.000
0.000
0.103
4.650
5.323
0.000
1.549
0.038
2.746
0.458
2.514
1.842
0.000
3.437
6.450
0.000
0.113
0.588
1.437
0.000
6.274
2.279
0.384
0.054
12.329
0.050
0.188
0.143
0.000
0.255
0.000
0.342
0.000
0.000
0.000
2.359
41.438
0.000
8.045
1.111
0.000
2.876
0.014
50.157
9.827
0.027
1.230
4.547
0.498
2.227
2.582
9.436
0.000
7.898
0.306
1.262
1.930
0.000
10.508
0.274
0.000
0.000
1.418
1.128
0.723
0.000
0.000
1.342
0.060
1.065
6.496
0.505
0.274
1.949
0.000
0.000
2.983
25.544
3.146
4.842
2.837
0.114
0.520
2.037
0.991
1.411
0.000
0.000
0.000
3.377
4.166
0.850
1.117
1.231
2.012
2.641
0.342
0.000
0.570
0.000
18.661
0.000
29.403
0.000
0.281
0.030
0.166
0.000
0.571
7.396
1.742
1.810
0.334
3.162
58.887
0.000
1.192
13.259
12.113
0.293
0.984
1.557
0.241
3.417
0.071
0.492
0.000
43.034
1.107
0.620
4.384
0.000
6.587
16.126
0.029
1.681
0.000
1.380
0.185
0.000
5.294
1.010
2.850
4.558
4.169
0.000
0.061
0.864
49.451
1.082
0.034
15.809
0.052
2.894
0.000
0.271
8.594
1.269
7.848
1.421
1.296
0.523
18.839
1.425
20.562
0.000
2.670
6.867
15.111
0.696
0.168
50.274
0.012
55.131
0.204
0.170
3.540
0.161
0.144
0.223
1.253
0.134
0.859
0.000
1.613
0.000
50.931
44.793
19.058
0.368
0.089
0.400
0.000
1.365
1.273
0.029
2.085
1.845
1.820
0.042
0.730
81.133
0.000
0.095
0.126
5.394
31.701
7.963
20.560
1.436
0.861
0.000
4.877
0.750
0.063
98.525
1.074
0.042
0.000
0.570
0.199
3.507
9.557
0.125
24.274
0.000
1.045
0.558
0.000
1.530
0.000
0.220
0.420
0.619
2.321
2.970
0.000
0.000
8.714
0.349
0.439
0.021
12.041
0.376
3.557
0.000
1.635
0.458
2.195
0.842
3.277
0.958
0.000
0.121
1.285
0.083
0.955
0.434
0.102
0.000
1.670
4.632
0.000
5.582
0.000
1.233
0.938
0.320
0.226
16.325
2.574
2.185
0.000
45.702
0.035
0.856
1.770
1.446
0.235
0.000
0.414
3.478
0.200
4.968
5.878
0.780
2.087
2.944
0.000
0.016
22.011
0.053
3.978
1.428
0.853
0.000
4.884
0.520
1.255
0.867
1.483
0.026
38.631
2.676
1.528
0.028
87.994
14.475
0.000
1.196
0.126
0.182
1.425
0.222
0.601
0.043
0.207
0.346
1.061
0.000
0.168
0.000
0.000
2.061
0.247
0.040
6.565
0.193
5.367
0.804
69.930
1.323
0.108
1.104
0.336
0.000
2.047
0.000
4.884
3.573
0.000
0.498
0.000
0.084
15.546
9.463
0.415
0.000
0.280
0.368
27.829
0.000
38.843
0.000
0.000
2.430
0.173
0.082
0.000
1.851
29.801
17.328
5.463
0.396
0.369
0.179
0.000
0.952
0.000
14.744
9.020
0.004
0.954
1.188
0.086
1.545
1.624
45.457
2.560
0.630
5.560
4.563
0.035
1.117
0.450
0.803
1.310
0.514
7.077
0.000
3.235
35.306
0.000
34.158
3.790
1.475
0.676
3.202
1.203
1.422
1.305
24.281
2.203
0.578
2.791
0.000
1.950
4.146
0.081
0.137
0.462
0.402
85.461
70.358
11.529
0.000
0.066
0.340
0.014
0.433
0.000
2.162
6.248
3.282
0.120
7.594
7.635
0.415
0.000
14.395
0.371
1.124
4.361
2.140
0.164
0.020
0.682
0.056
0.000
3.937
0.000
3.053
20.499
0.712
0.007
0.570
0.000
0.000
3.604
0.111
13.704
0.113
0.000
0.011
12.887
35.006
7.612
0.000
0.716
6.016
0.589
11.496
0.971
0.000
0.024
25.040
1.006
0.071
6.609
3.728
6.118
0.033
1.336
33.728
0.000
0.562
1.014
0.000
9.843
0.630
0.205
5.397
1.898
0.000
45.544
7.214
0.416
0.066
13.990
13.647
5.255
0.117
10.702
47.427
0.010
0.309
0.393
22.784
2.188
0.007
2.315
0.299
5.774
0.819
1.118
15.247
0.178
0.325
0.000
9.527
0.032
8.465
7.501
1.091
0.000
1.562
0.037
1.501
0.367
0.300
0.000
0.016
12.101
0.149
16.954
0.088
0.190
8.189
2.333
0.969
0.168
2.838
0.000
4.421
4.526
4.771
2.250
0.000
0.000
0.120
0.359
0.068
0.000
0.013
5.966
1.323
23.218
2.547
0.000
0.228
0.000
0.075
0.260
0.158
0.039
0.006
15.248
0.079
0.000
0.070
1.116
1.217
1.066
0.000
0.000
2.271
0.000
3.545
1.246
3.668
0.000
0.000
0.422
0.351
112.583
0.633
0.063
0.708
1.259
0.655
1.295
0.470
3.612
5.425
3.463
0.083
0.000
8.908
12.798
0.077
69.109
1.256
1.891
1.562
0.115
3.483
1.900
35.068
0.319
0.251
9.187
0.440
0.433
0.435
1.808
0.474
2.110
52.499
2.409
0.141
0.689
4.446
26.848
1.185
1.385
0.000
0.155
0.348
1.059
2.045
1.442
3.572
0.313
0.272
5.402
0.089
0.156
0.209
1.023
17.696
6.550
0.249
0.000
0.633
0.392
16.293
2.751
2.085
51.281
0.000
3.019
1.143
0.000
1.813
1.178
2.012
15.007
0.472
0.000
1.244
3.457
1.806
0.227
0.727
0.000
0.898
2.036
5.561
0.283
0.505
8.985
0.989
0.217
8.023
0.526
0.000
49.204
7.126
0.037
0.064
29.023
0.015
2.474
0.129
1.711
1.060
0.055
4.124
28.835
47.159
3.964
1.128
0.000
3.873
1.371
2.138
0.793
1.108
1.505
0.067
0.000
30.426
0.480
0.065
0.621
3.898
35.734
0.870
1.952
1.036
24.791
0.994
3.026
0.000
0.950
11.955
15.382
11.353
8.470
0.949
0.896
1.494
5.016
0.642
4.395
3.271
0.485
54.127
0.833
1.155
0.754
0.025
1.263
0.007
2.229
1.724
36.142
2.313
0.047
0.089
1.975
0.989
0.004
1.567
0.000
3.594
0.000
0.339
0.356
0.000
5.615
0.000
0.000
0.000
9.966
3.731
0.558
9.507
1.189
4.172
0.000
0.000
0.000
0.220
3.571
1.047
0.224
0.017
0.336
0.000
0.000
0.099
3.939
0.000
0.123
2.650
3.062
0.179
0.000
0.000
0.000
0.121
1.583
2.796
3.762
0.067
4.622
0.000
1.499
6.368
3.086
0.152
0.802
0.125
1.541
1.963
0.101
0.029
1.036
0.983
0.154
0.041
0.676
0.114
0.751
1.152
0.000
1.249
1.498
25.333
0.520
0.091
1.236
0.215
0.000
0.043
0.304
0.580
12.511
0.247
0.000
0.721
4.388
0.000
1.814
0.100
0.000
0.000
0.974
0.412
0.000
2.705
0.000
7.451
0.008
0.157
3.809
27.651
37.877
0.000
1.103
0.399
2.635
0.000
0.333
48.598
2.094
30.500
4.357
0.549
0.012
0.118
0.102
3.942
0.518
0.085
3.041
0.000
0.814
0.323
0.000
0.189
15.472
0.023
0.578
0.103
0.483
0.240
0.008
2.779
0.088
0.000
1.453
1.982
6.071
5.023
1.164
0.151
0.197
4.968
0.584
4.345
0.000
7.074
4.510
2.754
0.000
6.551
1.454
0.675
0.959
2.377
0.037
4.668
0.646
0.975
0.000
2.131
0.374
1.303
0.152
0.653
0.091
0.000
0.350
1.156
3.019
7.047
11.018
13.191
2.423
3.059
0.331
0.897
0.000
0.020
3.229
0.000
0.008
0.000
7.092
1.041
0.000
2.182
0.000
0.000
0.000
0.190
0.000
0.024
1.361
0.051
0.371
1.651
0.000
0.151
0.948
1.882
1.604
0.000
1.058
0.744
2.585
2.878
0.000
0.000
0.007
0.386
0.000
0.232
1.894
1.519
0.092
0.000
0.159
0.000
0.000
93.103
1.116
12.561
0.926
37.328
0.344
0.233
0.096
0.028
0.058
10.247
1.165
10.309
0.000
1.491
49.052
3.199
1.808
0.000
0.000
1.385
0.252
5.178
0.016
4.176
1.255
0.456
0.701
0.000
0.000
0.976
0.990
0.565
0.000
1.055
0.000
0.013
0.014
13.882
0.000
0.000
0.000
0.000
0.000
4.459
0.087
0.014
10.160
0.565
3.601
0.281
0.137
0.000
0.980
0.828
1.915
0.142
0.587
0.979
0.000
1.088
0.000
0.337
8.859
5.852
0.000
0.334
0.312
1.135
1.281
2.769
0.000
0.000
0.279
0.000
2.895
1.372
15.263
0.051
0.000
2.408
1.495
1.484
0.321
1.732
1.314
0.832
3.691
0.000
8.082
0.009
0.335
11.502
0.444
0.337
1.466
0.000
1.284
16.688
1.051
0.104
0.007
0.000
0.000
0.000
1.113
1.710
0.000
1.231
0.280
3.407
1.303
7.642
0.957
0.000
8.811
3.325
2.519
0.837
0.173
0.000
1.140
0.286
0.000
0.000
1.281
0.028
0.000
2.025
1.193
3.916
0.637
0.120
11.797
0.885
0.179
0.104
0.101
0.000
0.000
1.023
0.000
5.077
0.011
3.166
0.405
0.291
0.000
2.402
5.943
0.500
1.047
0.949
1.270
0.000
1.082
3.146
1.081
7.700
0.014
14.302
2.205
2.320
1.119
0.811
0.000
5.619
0.033
0.239
105.558
0.772
1.054
2.650
1.355
0.191
1.022
2.396
0.007
0.020
93.109
0.855
2.826
0.000
12.578
0.108
1.641
0.441
0.710
0.000
13.676
0.165
0.024
2.175
1.469
0.690
0.000
0.028
0.000
2.320
0.000
0.188
19.518
2.684
17.409
2.910
1.006
6.414
64.830
0.002
9.732
8.662
13.188
0.068
2.617
0.513
2.802
39.078
18.037
3.853
64.931
0.032
0.134
0.000
0.000
0.452
2.610
0.000
35.053
0.990
0.000
0.077
0.771
4.139
2.384
0.089
0.282
0.000
0.000
0.875
1.771
11.703
0.593
0.000
1.298
0.887
0.801
0.744
0.000
14.405
1.581
22.984
0.000
0.000
13.960
2.065
0.299
0.884
0.275
0.000
0.000
12.140
0.041
2.295
0.227
0.093
2.795
4.379
0.953
119.197
0.079
0.404
0.000
0.565
2.559
0.000
0.000
0.410
2.557
0.000
1.332
0.000
7.403
0.628
4.383
0.316
0.503
0.035
2.065
2.431
0.018
0.047
45.457
0.000
0.338
52.219
0.000
14.525
0.914
0.012
0.822
0.597
2.915
0.000
12.304
0.012
4.196
1.495
3.216
0.000
6.217
0.023
2.726
0.000
0.212
0.000
0.000
0.000
3.291
3.333
46.007
0.000
36.429
0.004
5.298
1.743
0.081
0.583
0.232
0.000
0.978
1.012
0.232
0.004
0.779
4.286
0.191
0.109
1.069
1.632
0.000
4.460
0.142
0.000
0.000
3.954
0.992
51.412
0.963
0.542
0.000
0.046
0.968
9.328
22.217
1.922
0.000
0.498
11.301
4.896
0.333
7.199
0.631
2.227
5.145
34.508
337.641
0.292
0.326
0.334
3.372
19.234
0.000
1.769
10.394
0.358
1.649
0.647
7.219
0.000
0.049
0.158
2.028
1.147
1.256
2.636
3.042
3.602
0.000
5.854
0.000
4.016
6.983
0.331
0.239
0.006
5.971
1.733
5.076
1.424
0.060
1.848
6.832
1.276
0.040
1.494
0.294
0.413
0.093
3.769
9.641
0.035
0.000
1.865
0.241
0.000
1.673
0.261
0.000
0.000
1.155
4.930
0.000
1.894
0.564
35.898
15.959
0.007
0.186
132.023
32.153
0.013
0.449
9.946
0.993
0.326
0.143
0.008
1.280
1.051
3.005
0.001
1.662
101.273
0.947
1.798
1.314
23.798
0.065
3.621
0.911
0.503
0.000
1.279
5.735
0.865
0.626
11.694
0.000
0.019
4.620
1.163
1.956
1.034
0.000
0.179
0.019
23.518
3.249
0.000
0.000
0.000
0.000
33.228
25.194
26.312
0.997
0.000
0.000
0.001
1.192
0.007
2.049
63.459
0.138
9.011
0.814
47.926
13.385
0.000
0.626
0.159
0.492
1.484
0.571
3.074
0.493
0.792
8.959
5.004
0.770
1.739
3.755
0.840
1.245
17.279
0.000
0.067
0.989
0.030
21.848
0.019
0.797
5.403
1.202
73.957
3.483
0.264
0.615
0.000
1.242
6.282
6.145
30.568
0.000
0.764
30.497
0.000
0.739
0.215
0.109
0.000
0.000
9.491
2.103
13.397
1.718
0.157
2.919
0.000
0.030
8.442
37.144
0.631
0.522
0.477
36.931
0.025
4.431
71.024
4.881
0.000
1.886
9.192
0.000
10.305
0.588
0.086
8.700
0.058
0.000
2.659
1.274
0.013
14.301
24.798
0.810
1.061
0.064
2.093
6.246
0.091
0.000
13.991
0.695
0.041
2.008
0.058
4.843
64.578
4.828
0.000
1.194
7.129
12.822
4.303
4.202
0.017
1.116
0.497
0.620
1.776
0.000
0.000
9.036
2.485
1.090
1.055
0.779
0.284
85.005
2.590
0.000
0.010
1.281
0.183
8.962
2.348
3.774
0.996
1.115
6.347
0.000
0.916
1.193
0.955
0.989
0.000
3.628
8.050
19.180
1.612
1.215
9.405
0.000
0.316
78.746
30.789
1.457
1.957
24.511
1.668
0.000
0.861
0.698
0.055
0.141
0.145
0.000
0.023
1.540
0.133
1.090
3.243
0.959
2.805
3.237
87.890
3.358
0.830
0.000
61.269
11.850
1.221
1.747
0.000
2.602
0.000
1.560
0.877
0.114
1.176
0.000
3.376
1.127
0.000
3.713
22.375
0.056
0.943
7.229
12.462
2.333
1.009
0.000
0.112
0.747
1.134
6.943
0.014
3.948
0.777
0.000
8.839
0.787
1.652
16.991
1.742
23.572
2.731
3.699
0.998
0.000
8.696
0.111
35.316
0.132
1.170
0.015
1.513
0.172
0.036
0.109
1.447
12.677
0.082
1.154
1.496
0.000
0.000
0.542
7.447
0.309
0.072
11.284
2.329
32.690
0.000
20.622
0.568
0.000
0.012
0.944
0.048
0.938
0.797
0.000
0.000
3.303
3.933
9.576
1.565
0.174
86.334
0.785
21.437
0.473
2.077
0.000
9.585
1.496
3.054
13.494
5.822
19.153
3.313
0.087
42.547
7.213
4.751
0.000
0.040
2.209
1.318
9.288
8.926
0.000
0.041
2.902
0.745
0.000
35.850
5.371
0.089
1.248
0.067
0.000
0.826
0.118
0.907
0.000
0.102
1.151
0.116
18.598
0.014
0.000
0.442
14.726
3.168
2.223
6.678
1.097
0.734
1.807
0.000
0.110
0.000
0.022
0.001
0.526
3.343
1.354
4.509
1.625
27.144
0.933
0.020
0.000
1.437
1.081
0.461
0.000
0.000
0.188
0.001
11.074
11.775
0.000
0.000
0.026
0.063
0.024
9.563
0.092
0.020
1.037
0.000
0.479
41.986
1.692
1.166
0.498
0.000
50.720
0.340
1.239
9.607
0.000
0.670
0.637
4.211
8.652
0.000
1.449
1.793
0.160
1.464
12.971
1.194
0.530
1.752
0.000
0.000
0.000
0.846
0.000
5.870
0.139
0.001
0.713
1.765
4.561
1.323
0.085
0.256
1.163
28.040
2.947
12.413
6.792
15.355
1.104
0.159
56.622
1.258
0.000
74.737
0.000
1.380
0.000
0.000
90.752
0.873
12.293
2.518
0.123
0.818
1.915
0.000
0.000
1.075
0.743
0.220
1.089
2.411
4.045
2.702
0.000
0.048
77.395
1.062
0.482
0.000
0.302
3.785
1.777
0.158
45.436
0.304
1.011
7.326
0.021
1.709
1.411
2.504
0.000
74.998
0.010
1.523
14.812
5.323
0.551
1.192
1.147
2.070
7.450
0.060
0.000
0.000
3.517
2.133
0.175
18.257
0.000
9.527
0.324
39.556
20.645
2.528
1.582
0.044
0.384
25.741
0.018
20.703
0.000
0.000
0.844
3.121
88.732
0.217
0.024
0.114
0.000
1.147
51.738
0.248
0.792
1.061
0.468
0.000
0.609
0.000
2.435
0.060
3.602
0.029
0.136
3.743
6.989
0.455
1.538
0.017
0.038
1.055
0.074
0.792
0.365
2.127
0.958
1.292
1.329
13.771
0.002
0.072
0.000
0.920
0.413
0.593
25.000
0.000
0.544
0.987
1.635
0.077
0.080
0.000
0.651
0.373
20.018
0.109
0.000
0.000
0.000
0.000
0.028
0.252
1.192
0.226
0.141
1.293
2.398
1.022
0.000
4.581
5.330
40.294
2.370
0.531
0.169
0.065
0.005
1.798
21.304
0.671
1.962
3.280
0.034
14.495
41.966
7.002
0.000
0.077
2.375
0.000
1.954
0.000
2.500
17.963
0.000
0.603
0.000
0.043
0.254
1.023
2.616
0.451
0.000
0.262
0.546
1.265
0.000
3.114
3.210
0.197
0.000
0.552
1.953
1.455
1.148
27.840
1.840
1.246
0.025
0.628
0.000
1.814
7.944
0.738
1.721
0.001
0.000
2.456
0.305
0.746
1.336
2.682
0.005
0.194
134.343
2.461
144.432
2.396
0.897
0.000
1.768
0.209
2.059
0.000
0.000
16.898
0.150
20.802
0.067
1.738
0.097
0.283
2.194
1.403
0.104
30.990
0.320
0.765
0.022
2.847
0.163
0.395
0.000
1.151
0.000
0.669
0.502
1.474
19.275
0.194
1.604
0.485
2.527
2.881
0.104
2.126
0.000
0.364
2.514
1.210
53.320
0.405
1.942
2.885
0.601
3.373
0.125
1.390
163.771
0.000
0.184
3.761
1.827
0.238
3.221
10.535
2.827
0.103
0.120
0.698
0.000
0.000
17.329
0.114
1.806
2.873
70.511
0.102
2.551
0.000
1.973
1.182
3.933
0.000
19.669
0.399
4.187
0.000
11.559
0.022
0.023
0.069
3.937
5.505
0.046
5.432
0.182
3.874
0.548
1.148
3.424
0.400
2.835
5.224
17.373
7.135
0.565
0.000
0.866
0.384
0.000
1.717
0.000
0.100
32.148
0.992
13.068
0.125
16.188
0.000
8.383
0.000
14.775
0.019
0.298
1.198
0.277
0.293
93.202
0.019
1.526
0.669
13.001
0.531
10.471
0.000
0.000
0.000
2.405
0.000
0.838
39.743
0.805
0.580
0.214
0.015
0.617
1.140
0.203
1.063
0.000
0.000
0.291
0.517
0.000
10.986
0.055
0.560
11.061
33.079
1.240
3.200
6.612
0.542
1.600
1.661
34.026
0.141
0.061
1.377
1.095
0.797
0.141
34.750
4.978
1.697
0.000
0.131
9.773
30.811
0.467
0.019
0.088
0.000
0.741
0.788
1.020
0.000
0.000
0.097
2.244
0.077
7.973
0.638
1.554
0.062
0.000
4.991
0.705
4.093
1.408
0.166
1.074
0.370
0.510
93.157
0.795
2.208
1.196
0.174
2.134
4.705
0.000
0.257
0.000
2.122
3.254
0.387
0.109
0.006
2.233
13.721
0.000
0.978
8.405
0.219
91.925
0.054
2.607
0.119
15.452
0.273
2.753
100.054
18.879
0.896
3.009
6.777
4.828
0.000
0.000
0.671
1.522
0.441
25.417
5.369
5.150
0.327
6.233
0.144
2.851
0.038
3.982
0.752
0.418
0.255
0.542
2.005
0.002
2.743
1.133
3.028
0.000
0.000
5.627
0.748
1.298
62.998
0.276
13.324
0.125
0.281
0.747
2.605
0.793
0.109
0.041
0.000
0.000
0.000
16.423
2.577
3.622
0.000
0.837
0.315
6.163
2.448
0.000
0.000
16.072
0.000
0.046
7.088
0.039
0.082
0.504
1.833
7.144
0.000
0.648
0.999
6.602
2.434
51.515
20.993
3.908
1.341
0.236
0.063
0.796
0.322
51.923
0.668
1.428
6.440
2.227
0.325
0.068
0.122
0.171
0.104
1.032
0.011
0.679
1.467
1.877
8.385
0.181
1.005
7.858
0.009
0.137
1.037
1.483
0.561
5.185
28.650
0.631
0.130
0.000
2.416
0.000
0.000
6.876
0.738
46.590
2.692
0.000
1.695
0.043
6.622
3.907
0.916
1.730
0.074
0.377
0.217
5.487
0.053
0.000
63.062
0.000
0.000
6.008
1.531
3.659
23.756
1.530
0.000
0.000
0.320
0.417
0.016
9.843
8.444
1.698
0.122
0.242
0.000
5.192
1.021
0.000
5.648
0.036
46.282
1.569
2.467
0.338
0.038
0.283
7.009
0.085
0.189
0.013
0.039
1.240
0.000
3.557
10.501
0.000
0.413
0.116
1.398
3.618
27.882
0.000
1.193
1.827
0.268
0.000
0.218
13.959
0.280
53.425
0.000
77.511
0.299
0.534
1.171
3.996
3.264
1.086
3.604
0.373
0.550
3.579
3.205
1.356
92.287
1.688
1.604
0.681
0.104
1.966
16.294
0.014
0.000
0.063
0.021
0.000
0.476
0.000
5.506
1.600
31.971
0.343
9.436
0.860
1.767
0.253
1.722
0.220
1.285
0.009
0.000
2.280
4.216
0.432
0.000
0.000
0.000
0.015
3.328
0.022
2.270
0.060
0.009
1.179
0.040
17.747
0.076
23.968
2.030
0.559
4.085
2.078
3.570
0.431
0.000
2.425
0.692
0.114
0.414
0.993
0.000
0.948
0.000
0.236
0.168
0.118
0.122
5.381
0.079
0.000
1.688
1.998
0.162
26.168
0.327
0.745
0.125
1.818
0.000
0.000
0.000
0.000
0.000
0.503
0.665
1.439
0.000
0.931
0.233
2.187
53.639
0.031
0.247
0.548
9.240
1.593
0.123
2.275
18.209
0.007
0.295
3.672
1.633
77.813
24.897
0.612
0.439
0.976
0.000
0.003
1.327
0.000
0.968
2.016
0.916
0.000
33.796
13.539
10.516
0.000
0.604
0.000
0.257
4.868
37.014
0.000
0.064
0.847
0.994
36.968
0.085
0.035
0.958
0.148
110.201
1.067
1.486
5.879
0.702
0.322
6.067
6.506
4.172
3.997
0.000
7.583
11.219
3.148
0.000
5.214
0.674
0.844
0.000
14.343
9.235
0.520
0.461
3.343
0.107
0.967
3.546
0.000
1.035
2.820
1.173
18.344
1.413
0.271
1.476
0.906
0.036
5.033
0.000
9.375
0.000
2.399
1.283
0.432
0.521
1.103
0.281
0.041
7.522
0.238
1.985
0.369
33.350
0.712
