0.040
0.000
0.048
0.111
0.000
0.000
0.000
0.000
0.000
0.186
0.163
0.256
12.787
0.000
0.000
0.000
0.131
0.000
0.000
0.000
0.000
0.576
0.139
0.266
0.058
0.134
0.000
0.000
0.000
0.000
0.041
0.998
0.125
0.000
0.000
0.000
0.000
0.070
0.000
8.252
0.000
0.037
0.000
0.000
0.038
0.000
0.000
0.380
0.000
0.000
1.177
0.000
0.000
0.000
0.000
0.000
1.348
0.186
0.000
0.004
0.016
0.000
0.000
0.061
0.000
0.080
0.023
1.091
0.090
0.000
0.000
1.300
0.056
0.462
0.000
0.000
0.000
0.206
0.804
0.000
0.000
0.000
0.000
0.000
7.429
0.000
52.435
0.000
0.000
0.583
0.000
0.000
0.000
0.000
0.017
0.995
0.000
0.027
0.000
0.000
0.000
0.000
0.000
0.274
0.000
0.127
0.000
0.000
0.051
0.000
0.931
0.017
0.000
0.990
0.000
0.016
0.000
0.000
0.000
0.000
0.000
0.082
0.000
0.159
0.007
0.000
0.000
25.050
0.000
0.000
0.008
0.000
0.046
0.000
0.000
0.000
0.000
0.000
0.262
0.023
0.000
7.300
1.628
0.000
0.000
0.000
0.000
0.013
0.409
0.668
0.000
0.000
0.000
0.000
0.000
0.000
0.147
0.000
0.338
0.106
0.000
0.000
0.000
0.041
0.254
0.000
0.000
0.977
0.000
0.000
0.012
0.000
0.084
0.000
0.121
0.000
0.000
12.162
0.000
0.000
0.000
0.000
0.000
0.000
0.447
0.000
0.000
0.000
0.000
0.000
0.000
0.314
3.922
0.000
0.000
0.000
0.000
0.042
0.081
0.000
0.000
0.000
0.000
0.000
0.000
0.000
0.000
0.187
0.000
1.580
0.000
1.917
0.000
0.000
0.023
0.056
1.005
0.451
9.705
0.000
0.000
0.000
0.029
0.535
0.000
0.000
0.027
0.000
0.000
0.000
0.000
0.000
0.000
0.000
0.000
0.000
0.000
13.593
0.000
0.152
0.000
0.183
0.000
0.020
0.000
0.000
0.000
0.346
0.000
0.476
0.000
0.936
0.000
1.396
0.000
0.000
28.107
0.000
0.005
0.013
0.000
0.000
0.000
1.198
0.174
3.308
0.000
0.000
0.060
0.000
0.000
0.000
0.000
0.000
0.535
0.185
2.465
0.000
0.000
0.000
0.326
0.062
1.619
0.142
0.000
0.000
0.000
0.000
0.000
0.033
0.000
0.000
0.003
0.000
0.000
0.001
0.000
0.050
0.000
0.819
0.000
7.703
0.000
6.231
0.000
0.000
0.000
0.000
0.000
0.000
3.368
0.000
0.000
0.000
0.209
0.000
0.000
0.000
1.044
0.000
0.013
0.000
0.729
0.257
0.000
0.000
0.000
0.000
0.000
0.098
0.334
0.000
0.000
0.000
0.000
0.000
0.328
0.045
0.000
0.454
0.000
0.000
0.000
0.000
0.000
0.007
0.881
0.000
0.970
0.000
0.000
0.000
0.000
0.000
0.000
0.000
0.000
0.000
0.138
1.825
2.172
0.000
0.000
0.085
0.000
0.307
0.000
0.019
0.000
0.000
0.000
0.051
0.506
0.000
0.053
0.000
3.689
0.000
0.241
0.000
0.160
0.000
0.000
0.000
0.000
2.760
1.847
0.000
0.989
0.000
0.000
5.410
0.000
0.000
0.005
0.000
0.000
0.606
0.000
1.397
7.157
0.033
0.000
0.000
0.000
0.267
0.000
0.283
0.000
5.987
0.000
0.000
3.705
0.000
0.027
0.000
0.000
0.000
0.000
1.512
0.000
0.138
0.000
0.000
0.000
0.005
0.000
0.000
0.000
0.000
0.000
0.000
2.676
0.000
0.000
0.000
0.000
0.367
0.020
0.207
0.000
0.000
0.000
0.000
0.000
0.000
0.000
0.676
0.097
0.033
0.335
0.000
0.000
0.000
0.000
0.000
2.625
0.235
10.093
0.016
0.000
0.081
0.000
0.000
7.285
0.000
0.995
0.990
3.459
0.000
0.000
0.000
0.000
1.356
0.884
0.000
0.030
11.980
0.023
0.439
0.000
0.000
0.081
0.391
0.000
31.665
0.378
0.000
6.783
0.085
0.000
0.000
0.000
0.000
0.000
0.000
0.000
7.981
0.000
0.384
0.297
0.000
1.577
0.000
0.000
0.000
0.000
0.000
0.000
0.000
0.066
0.000
0.000
0.263
0.000
0.000
0.000
0.000
0.000
0.000
0.000
0.105
0.000
0.000
0.000
0.000
0.000
0.090
0.000
0.000
0.000
0.000
0.000
0.000
0.000
0.000
0.000
0.000
1.528
2.275
0.000
0.000
0.143
0.114
0.000
0.000
0.095
0.000
0.868
0.000
0.887
0.238
0.000
0.000
0.780
0.000
0.000
0.000
0.046
4.935
0.000
0.891
0.000
0.000
0.015
0.000
0.000
0.000
23.503
0.084
0.000
0.000
0.000
0.498
0.702
0.000
0.000
0.000
0.638
0.000
0.000
0.000
0.561
0.000
0.000
2.890
0.000
0.601
0.135
0.000
0.000
0.000
4.103
0.780
0.090
0.000
0.000
0.000
0.000
0.934
0.000
0.000
0.000
0.000
0.000
0.000
0.000
0.000
0.000
0.000
0.000
0.000
0.000
132.486
0.023
0.448
2.528
0.032
0.000
0.000
0.108
0.218
0.029
6.872
0.000
0.000
0.000
0.288
0.033
0.249
0.009
0.022
0.000
0.438
0.000
0.000
0.000
0.000
0.000
0.000
0.000
0.761
0.000
0.168
0.000
0.000
0.000
0.000
0.000
0.000
0.000
0.000
0.000
0.561
0.141
4.664
2.045
0.175
0.133
0.000
0.110
0.000
0.000
0.273
1.505
0.000
0.180
0.162
1.012
0.000
0.000
37.867
0.000
0.292
0.000
0.000
0.000
0.000
0.000
0.000
0.000
0.000
0.000
0.000
0.000
0.000
0.277
0.000
0.000
0.000
0.000
0.525
3.537
0.000
0.000
0.000
0.000
0.000
0.000
0.000
0.000
14.865
0.166
0.000
0.000
0.075
0.000
1.070
0.000
0.036
0.000
0.000
0.000
2.360
1.946
0.000
0.000
1.726
0.000
0.038
0.467
0.000
0.056
3.010
0.000
0.000
0.000
19.257
0.000
0.000
0.164
0.000
0.000
0.145
0.771
0.000
2.036
2.219
0.000
0.000
0.000
0.000
0.000
0.213
0.000
0.000
0.000
0.046
0.000
0.103
0.000
0.166
0.025
0.000
0.000
1.090
0.929
0.000
0.000
0.340
0.000
0.000
0.682
0.000
0.101
0.000
0.000
0.062
0.181
0.000
0.081
0.000
0.000
0.000
0.000
0.017
0.105
2.837
0.327
0.335
0.000
0.000
0.000
0.645
1.327
0.000
0.757
4.205
1.820
0.000
0.000
0.000
0.006
0.000
0.000
0.000
0.000
0.693
0.000
0.018
0.000
0.046
0.000
0.000
3.159
0.000
0.606
0.000
0.278
0.000
0.000
0.314
0.551
0.006
0.000
0.000
0.000
0.000
0.000
0.018
0.000
0.000
0.000
0.189
0.122
0.000
0.000
6.196
0.466
0.123
0.000
0.000
0.000
0.004
0.000
1.586
0.000
0.000
0.000
0.353
0.596
1.102
0.000
0.000
0.000
0.000
0.000
0.000
8.392
0.000
0.599
0.040
0.000
0.203
0.000
0.000
3.256
0.000
0.000
0.214
1.191
0.000
0.006
1.557
0.000
0.000
0.000
0.000
0.713
0.530
0.000
0.602
0.000
0.000
0.000
0.000
0.000
0.065
0.068
0.281
0.000
0.000
0.339
0.000
0.028
3.473
0.038
0.000
2.748
0.153
0.137
0.000
2.775
0.124
0.146
0.000
0.000
0.000
0.334
0.061
6.931
0.031
0.000
0.000
0.000
3.209
0.000
0.275
0.000
0.192
0.000
0.000
0.531
0.000
0.118
8.816
0.000
0.000
0.000
0.000
0.000
0.000
0.000
0.000
0.000
0.543
1.308
0.000
0.000
0.000
0.000
0.000
0.012
0.000
0.000
1.029
0.000
0.000
0.065
2.433
0.000
0.000
0.000
1.533
0.000
0.000
0.000
0.000
0.000
0.000
0.000
0.006
0.000
0.204
0.000
0.000
0.000
0.041
0.106
0.000
0.000
0.050
0.000
0.000
0.000
0.387
0.020
0.535
0.000
0.072
0.002
0.026
0.000
0.000
0.026
0.328
0.000
0.000
3.071
0.378
0.181
0.049
0.015
0.000
0.000
0.000
8.898
0.131
0.000
0.000
0.000
0.000
0.000
0.798
0.000
0.000
0.000
1.025
0.000
1.282
0.000
0.000
0.007
0.237
0.000
0.576
0.000
0.000
5.867
0.984
0.625
0.000
3.552
0.000
0.015
0.000
0.022
0.000
0.027
1.285
0.000
0.049
0.053
0.613
0.000
0.000
0.000
0.053
0.000
0.000
0.000
0.000
0.000
0.001
0.000
0.000
0.600
3.191
0.000
0.000
0.000
0.409
0.181
0.000
1.347
1.266
0.000
0.000
0.000
0.000
0.000
0.000
0.000
0.000
0.000
0.000
0.000
1.921
0.131
0.000
0.000
0.000
0.000
0.338
0.117
0.000
0.000
0.000
2.954
0.000
0.081
0.000
0.121
0.000
0.000
0.000
0.087
0.102
1.314
0.067
0.000
0.029
0.000
0.000
1.642
13.046
0.000
0.055
0.141
0.000
0.000
1.882
0.473
0.000
0.679
0.000
0.767
0.000
0.000
4.681
0.000
0.000
2.071
0.175
2.102
0.000
0.000
0.000
0.638
0.000
1.176
0.082
0.000
3.886
0.000
0.000
0.169
0.269
0.000
0.000
3.735
0.000
0.000
0.000
0.000
0.000
0.000
0.000
0.000
0.000
0.000
0.054
0.033
0.056
0.348
1.256
0.000
0.000
0.000
0.000
0.000
0.000
0.000
0.000
0.000
0.000
0.000
0.000
0.000
0.000
0.018
0.000
0.000
0.034
0.195
0.002
0.000
0.181
0.000
0.378
2.011
0.070
0.000
0.000
0.000
0.000
0.000
0.000
0.140
0.000
0.242
0.000
0.000
0.000
0.191
0.000
0.010
0.000
0.000
0.000
0.000
1.336
0.000
0.000
0.000
0.000
0.000
0.000
0.000
0.399
0.026
0.000
0.000
0.000
7.861
7.374
0.547
0.000
0.000
0.000
0.000
0.000
0.000
0.069
0.000
0.000
0.239
0.000
0.000
0.000
0.000
0.000
0.000
0.000
0.180
0.000
0.000
0.000
0.000
0.000
0.000
0.000
0.000
0.099
0.996
0.000
4.684
1.244
0.000
0.000
36.007
0.905
0.000
0.000
0.000
0.140
1.745
0.000
0.000
0.000
2.086
0.000
0.024
0.000
0.488
0.000
0.000
0.206
0.230
2.434
0.061
0.101
0.216
0.000
0.000
0.084
0.000
0.000
0.000
0.000
0.200
0.000
5.523
0.200
1.040
0.000
1.011
8.589
0.000
0.000
0.179
0.749
0.000
0.668
0.036
0.000
0.004
0.000
0.040
0.725
0.000
0.000
0.000
10.660
0.130
0.034
0.000
0.000
0.000
0.000
46.596
0.000
0.000
0.000
0.000
0.000
0.030
0.000
0.264
0.000
0.000
0.000
0.000
0.222
0.000
0.000
0.047
1.182
0.000
0.000
1.267
0.000
0.000
0.000
0.000
2.006
3.853
3.547
0.000
0.000
0.000
0.000
0.985
0.000
0.000
2.359
0.072
0.000
0.053
0.000
0.000
0.021
0.048
0.000
0.000
0.000
0.552
0.000
0.000
0.056
0.000
0.911
0.000
0.014
0.000
0.000
0.000
0.000
0.000
0.000
0.090
0.000
0.000
0.000
0.000
0.934
0.000
0.000
0.000
0.253
0.000
16.106
0.000
0.000
2.619
0.000
0.000
0.000
0.167
0.591
0.077
0.000
0.000
0.000
0.000
0.000
0.000
5.956
0.000
0.000
0.000
0.000
0.000
0.000
0.296
0.000
0.000
0.169
0.000
0.013
0.016
0.000
0.804
0.000
6.852
1.421
0.000
0.008
0.000
3.999
0.000
0.000
0.090
0.000
0.000
0.000
0.000
0.161
0.000
0.223
0.000
0.000
1.078
0.000
0.000
7.512
0.000
0.000
6.981
0.000
0.000
0.000
1.870
0.000
0.000
0.000
0.000
0.047
0.000
0.038
0.137
0.000
0.965
0.000
0.014
0.000
0.000
0.000
0.102
0.000
0.000
0.000
0.000
0.000
0.000
0.000
0.108
0.000
0.007
0.000
0.111
0.000
0.000
0.116
0.000
0.000
0.177
0.000
0.233
0.260
0.981
10.081
0.000
0.000
0.025
0.000
0.526
0.000
0.000
0.012
0.000
0.000
0.000
0.000
76.999
0.000
0.342
0.000
0.000
0.000
0.000
0.002
0.904
0.939
1.566
0.000
0.000
11.590
2.989
0.068
0.000
0.000
0.716
0.000
0.000
0.184
0.030
0.000
0.024
0.000
0.000
0.014
0.000
65.142
0.040
0.062
0.049
0.000
0.000
0.000
0.000
0.032
0.000
2.424
0.000
0.000
1.621
0.000
0.018
0.075
0.169
0.750
1.817
0.000
0.000
0.000
0.176
0.000
0.000
0.000
3.146
0.000
0.000
0.000
2.970
0.170
0.295
0.000
0.000
0.000
0.000
0.000
0.000
0.000
1.134
58.113
0.018
0.000
0.000
0.000
2.864
0.186
0.106
0.000
0.044
0.977
0.000
0.562
0.000
1.533
0.000
0.251
0.119
6.403
0.000
8.234
0.000
0.000
0.055
0.258
0.000
4.214
0.122
0.262
0.066
0.058
0.000
0.000
0.325
0.000
0.739
0.000
0.020
0.000
0.220
0.000
4.874
0.000
0.000
0.538
1.055
0.000
0.052
0.217
0.000
4.323
0.013
0.000
0.032
1.792
2.050
0.000
0.000
0.032
0.000
0.029
0.051
0.000
0.149
0.000
0.000
0.000
0.157
0.000
0.000
0.000
0.000
0.000
0.012
0.014
0.000
0.012
2.403
0.000
0.000
0.198
0.022
0.327
0.000
0.000
0.000
0.000
0.000
0.180
0.000
0.000
0.058
1.961
0.258
0.000
2.142
0.000
0.307
0.069
0.102
1.227
0.025
2.303
0.000
0.157
0.000
0.036
0.080
0.000
0.512
0.209
0.242
0.000
4.999
0.058
0.000
0.000
0.000
0.193
0.000
0.000
0.000
0.000
0.151
0.000
0.000
0.000
0.167
0.000
1.383
0.249
31.631
0.000
0.000
0.000
0.083
0.000
0.000
0.420
0.288
0.000
0.000
0.000
0.000
0.000
0.697
0.000
0.000
0.000
0.000
0.000
18.170
0.090
0.000
0.000
1.883
0.000
3.002
7.541
0.061
0.021
10.405
0.147
0.471
0.000
0.029
53.441
15.480
0.000
0.000
0.805
0.142
0.000
0.481
0.000
0.149
0.000
0.000
1.851
0.502
1.405
0.100
0.000
0.000
0.916
0.000
0.000
178.731
0.978
0.540
0.068
0.055
0.000
0.000
0.120
0.000
0.000
0.132
0.000
0.349
0.000
1.447
0.000
1.497
0.000
0.001
0.000
0.499
32.411
0.000
0.212
0.000
0.713
0.000
0.000
0.591
0.171
0.105
0.088
0.135
0.042
0.111
0.173
0.705
0.000
0.183
0.707
9.883
0.000
0.000
0.940
0.000
0.000
0.034
0.073
0.000
0.000
1.144
0.398
3.225
0.000
0.611
3.451
0.000
12.668
0.202
0.000
0.648
0.028
0.408
0.130
0.068
3.797
0.706
0.450
0.000
0.034
1.325
0.000
3.193
0.000
0.112
0.122
0.000
0.000
1.712
0.000
0.000
0.000
0.125
0.000
0.000
0.000
0.000
0.000
0.000
2.805
0.000
1.751
0.076
0.000
0.695
0.000
5.005
0.000
0.000
0.223
0.230
2.668
0.000
7.605
0.033
0.000
0.453
1.026
1.636
0.630
0.000
1.135
25.860
0.218
0.142
1.002
0.000
0.000
0.000
0.418
0.612
0.000
0.151
0.000
3.247
2.709
0.000
0.957
1.637
0.000
0.000
0.579
0.000
0.011
0.000
0.000
0.000
0.198
0.378
0.088
0.072
1.384
1.459
0.000
0.006
0.093
0.000
4.771
0.208
0.000
3.421
0.000
0.083
0.000
0.101
0.000
0.000
0.004
0.000
0.016
14.582
0.050
0.000
1.258
0.193
0.000
0.000
0.338
0.000
0.000
0.000
0.244
0.000
0.000
0.174
21.784
0.908
0.406
0.118
0.354
0.048
0.000
1.177
0.000
8.394
0.000
0.000
0.000
0.000
0.000
0.000
0.000
0.000
0.069
11.198
0.000
0.000
0.219
0.024
0.061
0.821
0.000
0.106
0.017
0.101
0.021
36.283
1.756
0.000
0.000
0.005
0.030
0.000
0.057
0.568
0.761
0.000
0.000
0.237
0.375
0.000
0.000
2.111
0.346
0.003
0.000
0.000
0.011
0.028
0.000
0.000
0.540
0.000
0.000
0.000
0.000
1.403
0.000
0.004
0.119
0.000
0.050
0.310
0.000
0.000
2.268
0.077
0.000
0.619
0.012
0.173
0.000
0.578
0.000
0.196
0.056
0.134
0.000
0.120
0.000
0.059
1.159
0.000
0.000
0.031
0.000
0.475
0.080
0.709
0.216
0.249
0.082
0.000
3.763
6.530
0.101
0.000
0.000
23.608
0.958
0.076
0.000
0.000
0.194
0.171
0.000
0.000
5.214
0.707
0.000
0.173
0.313
0.507
80.128
0.000
0.011
0.000
0.823
0.532
0.025
0.214
0.050
0.000
0.000
0.000
0.000
0.329
0.248
0.000
20.280
0.000
1.007
0.072
0.000
0.148
5.728
0.039
0.000
0.599
0.000
0.022
0.000
1.633
0.032
0.388
0.000
0.123
0.000
0.000
0.415
0.000
0.876
0.358
0.614
0.000
1.310
0.054
0.084
0.011
0.110
0.000
0.026
3.827
0.492
0.000
0.109
0.000
0.000
0.285
0.005
0.002
0.122
0.271
0.043
0.006
0.024
0.114
1.549
0.000
0.000
0.000
0.000
0.039
0.000
1.041
0.000
0.000
0.164
0.000
0.000
0.053
0.000
12.669
0.158
0.000
0.000
0.000
0.000
0.107
1.764
5.200
0.000
4.948
0.000
58.412
0.009
2.655
11.129
0.146
0.000
0.000
0.006
0.000
0.000
1.585
0.011
9.174
0.275
1.147
0.286
0.107
1.495
0.000
0.048
1.549
1.902
0.116
0.161
0.000
0.039
0.000
0.000
0.000
0.006
0.000
0.331
52.778
4.454
0.139
0.000
0.000
0.042
0.000
4.394
0.304
16.265
0.073
0.000
0.953
0.581
1.273
3.664
1.131
0.000
0.086
0.970
0.000
0.482
0.203
0.247
0.111
0.186
0.000
0.083
16.078
0.256
1.178
0.246
0.000
0.000
21.221
0.000
0.179
0.000
0.080
0.000
0.149
0.577
0.000
2.567
0.000
0.000
0.000
3.733
29.045
0.000
0.000
0.000
0.972
0.674
0.192
0.798
0.158
0.000
0.923
3.021
0.095
0.351
0.033
0.000
0.351
0.000
0.000
0.012
0.000
8.937
0.144
0.042
0.885
0.427
92.438
0.000
9.322
0.000
0.124
0.018
6.367
0.000
0.000
0.000
4.598
0.000
8.903
0.236
0.218
0.000
0.793
1.179
0.091
0.745
0.456
0.000
0.067
0.000
0.000
0.544
0.000
0.280
0.039
1.863
0.000
0.378
0.579
0.000
3.755
1.832
0.026
0.000
1.581
0.000
0.396
0.569
0.000
0.000
0.000
0.047
0.232
1.014
0.000
0.078
0.017
0.000
0.575
0.000
1.337
0.167
0.000
0.000
0.309
0.197
0.148
0.000
0.000
0.174
0.000
0.034
0.000
5.251
0.000
0.193
11.773
0.000
0.033
14.710
0.000
0.344
2.013
0.000
0.091
1.979
0.000
0.201
0.058
0.215
0.163
1.139
0.002
0.000
0.000
0.000
0.000
1.293
0.000
1.889
0.183
0.264
33.645
0.000
0.033
0.000
0.000
0.077
1.673
0.000
0.292
0.000
0.005
0.000
0.000
0.000
0.000
0.166
0.000
0.418
0.000
0.069
0.075
0.000
0.000
0.000
15.389
0.000
0.000
28.722
0.000
1.440
0.000
0.106
0.251
1.799
0.000
0.376
0.000
0.000
0.421
0.000
0.000
0.000
0.000
0.000
0.480
0.074
0.000
0.000
0.000
0.391
0.000
0.000
0.063
0.097
2.132
0.000
0.000
0.187
0.000
1.188
11.741
0.212
0.416
0.702
30.451
0.303
0.044
0.000
0.000
0.000
0.597
8.076
4.244
0.000
0.000
2.503
0.000
0.012
0.015
0.000
0.083
0.947
0.661
0.007
0.075
2.330
0.924
0.839
0.000
0.107
0.133
0.000
6.110
0.055
10.915
1.068
0.241
0.603
0.000
0.839
11.394
10.083
0.000
1.521
0.279
1.306
1.822
0.214
0.000
0.462
0.223
0.570
8.732
0.573
0.000
0.000
0.000
0.000
0.031
0.000
1.764
6.500
2.592
3.716
2.232
3.492
0.077
0.511
0.000
0.000
0.000
0.653
19.245
0.000
0.348
0.000
8.334
0.000
9.321
0.000
0.214
0.082
0.000
0.000
1.412
5.070
1.233
0.105
0.216
0.485
0.000
0.137
0.015
0.000
0.050
0.000
0.199
15.400
0.027
0.000
0.000
0.000
0.000
0.452
1.658
0.000
0.077
0.000
0.000
0.341
0.304
0.555
0.000
0.657
0.493
7.488
0.332
0.000
0.000
0.000
0.106
0.000
0.107
3.108
39.512
0.073
0.044
0.000
0.000
2.871
0.353
0.000
0.725
0.000
0.118
0.722
0.490
0.000
4.447
0.000
0.000
1.623
0.048
0.148
0.000
0.247
0.030
0.000
0.714
0.000
0.310
0.000
3.904
0.000
0.000
1.301
0.000
0.000
0.000
0.065
40.665
0.000
0.102
0.000
0.000
0.000
2.299
0.009
0.003
0.274
0.604
0.000
0.217
0.101
0.000
0.058
0.000
0.221
0.000
0.000
19.724
0.000
2.966
0.210
0.648
0.003
1.433
0.018
0.000
0.118
0.051
0.477
0.000
0.389
2.580
0.000
0.000
0.209
0.000
0.000
0.000
0.224
1.680
0.006
0.000
0.000
0.078
4.214
0.050
0.000
0.016
1.708
0.967
0.717
0.006
0.000
1.133
0.026
1.729
1.107
0.946
0.000
0.106
0.000
0.000
1.350
0.000
2.425
0.707
0.000
0.166
0.033
0.000
0.023
0.000
0.000
0.740
0.994
0.000
0.000
0.084
0.528
2.683
0.969
1.129
0.000
0.490
0.000
0.000
0.029
0.000
0.000
0.692
0.434
0.007
0.008
0.000
5.681
0.337
0.046
0.636
0.043
0.062
0.128
1.779
0.000
0.264
0.000
1.863
0.127
0.000
0.000
2.049
1.255
2.065
0.873
0.168
0.309
1.438
5.025
0.521
0.323
0.000
8.944
1.344
0.357
2.434
0.000
0.000
0.026
0.450
0.000
0.030
0.000
0.000
0.354
0.464
0.262
4.206
0.000
0.000
0.000
0.027
1.820
0.061
0.412
0.258
1.490
0.021
0.000
0.253
1.079
0.312
0.000
0.476
15.427
0.026
0.000
0.483
0.059
2.564
0.161
0.026
0.000
0.059
0.017
0.140
0.070
0.497
12.880
0.000
0.000
0.000
0.000
0.000
1.080
0.075
0.000
1.505
0.000
1.012
0.799
0.011
0.018
0.048
0.816
0.396
0.000
0.000
0.000
1.785
0.000
0.000
0.299
0.121
0.030
0.615
0.267
0.370
0.000
0.000
0.000
0.060
0.058
0.011
0.000
0.047
0.116
1.963
0.011
9.334
0.432
0.000
0.214
0.059
1.978
0.222
7.497
0.000
0.000
0.072
0.000
0.006
5.942
0.000
12.501
1.261
0.000
1.797
1.156
2.913
0.137
0.009
0.073
1.407
1.168
0.000
1.307
0.080
0.525
0.063
0.000
0.033
0.000
6.379
0.000
0.258
0.074
0.670
0.060
2.123
0.006
0.000
0.000
0.170
0.006
0.700
0.525
0.000
0.721
0.612
0.000
0.000
0.613
0.117
0.042
0.422
0.000
0.133
0.001
0.477
0.197
0.441
0.006
2.121
0.061
0.054
0.075
0.000
0.000
0.000
0.820
0.000
0.046
4.489
0.000
0.792
0.000
0.000
0.000
0.000
0.933
2.491
0.163
0.140
0.065
0.000
0.082
0.000
16.131
0.000
0.094
0.963
0.000
1.717
1.090
0.077
0.000
0.000
0.088
0.000
5.586
0.139
0.707
0.000
0.428
0.073
0.000
0.003
0.000
0.000
0.000
0.128
12.733
2.580
0.165
0.000
0.000
0.726
0.000
0.582
0.385
0.121
0.381
0.000
0.000
0.105
0.041
0.033
0.000
0.149
0.000
0.014
0.000
0.000
0.092
2.637
2.475
0.672
0.189
0.000
0.000
0.000
7.563
0.149
0.014
0.115
0.166
0.000
1.014
0.000
2.287
0.699
0.000
0.601
0.000
0.904
0.051
0.000
0.095
1.208
0.166
0.000
0.000
0.026
0.282
0.000
0.000
1.538
29.719
0.000
0.007
0.022
0.030
0.000
0.000
2.091
0.000
0.024
2.846
39.724
0.029
0.007
0.000
0.085
0.457
1.606
6.435
0.267
1.386
1.835
0.000
0.506
14.067
2.557
0.000
0.102
0.000
0.046
0.000
0.490
0.130
1.190
0.000
0.133
0.351
0.094
0.030
1.369
0.989
10.289
0.654
0.000
0.000
0.127
8.897
0.200
0.000
0.000
0.000
0.000
0.614
0.133
13.460
0.000
2.490
0.000
1.770
0.000
1.778
0.000
0.410
0.000
17.420
0.000
0.562
0.000
0.001
0.787
0.964
0.047
0.273
1.920
0.000
0.000
1.661
0.000
13.018
3.211
0.936
0.647
0.529
0.000
0.000
0.000
5.756
0.131
1.262
0.339
10.565
2.120
22.971
0.281
0.000
0.000
0.848
0.396
0.161
0.000
0.000
0.000
0.187
1.017
0.000
0.487
0.633
0.000
31.711
0.730
0.238
0.204
0.000
0.845
0.038
0.000
0.000
3.639
0.000
0.000
0.223
0.000
0.000
0.000
6.491
0.000
0.000
0.001
0.161
1.187
0.000
5.686
0.000
1.111
0.000
0.081
0.048
0.000
0.017
0.000
0.508
0.000
0.017
0.000
0.114
0.000
0.108
0.084
0.554
0.313
0.367
0.025
0.234
0.000
0.005
0.141
0.000
0.361
0.711
0.109
0.000
0.000
0.000
2.686
1.036
17.710
0.015
0.794
4.336
0.227
0.000
0.046
0.000
0.293
0.000
0.064
0.000
0.030
17.285
0.000
0.009
0.000
0.028
0.096
0.000
0.000
0.000
0.091
1.020
0.000
1.147
0.000
0.329
0.013
37.874
0.000
0.478
0.000
0.000
0.000
1.248
0.343
0.498
0.000
0.000
12.132
0.002
0.197
0.000
0.000
0.000
0.227
0.000
0.898
0.000
0.000
0.000
2.819
0.000
0.000
4.342
0.109
1.823
0.000
0.000
0.170
0.045
0.113
0.000
16.936
0.000
0.000
2.240
0.000
0.000
0.000
2.401
3.581
9.983
0.000
0.000
0.023
0.000
0.314
0.000
0.000
0.000
0.316
0.000
0.000
0.000
0.260
0.000
0.000
3.644
0.108
0.000
14.729
0.000
0.000
0.128
0.284
0.149
0.232
1.058
2.100
0.000
0.003
1.688
2.587
0.000
0.990
0.041
0.225
0.541
1.679
0.000
0.000
0.046
0.293
12.947
0.000
0.000
7.361
0.000
1.042
1.530
1.696
0.000
0.000
0.000
0.737
0.000
0.042
0.017
0.113
0.253
0.076
0.047
0.015
0.000
0.000
1.286
0.000
0.046
0.000
0.000
0.124
0.007
0.864
0.000
0.000
3.401
1.113
0.262
0.902
0.000
0.000
0.000
0.282
0.015
0.000
0.000
0.270
0.000
8.818
0.420
0.480
0.028
0.035
0.000
0.975
1.836
0.581
0.000
0.126
0.103
0.000
0.262
0.006
0.000
1.206
0.000
0.000
0.185
0.000
6.847
0.000
2.678
1.073
2.342
0.006
0.000
0.360
0.645
0.912
0.460
0.290
0.000
1.498
0.000
0.044
0.045
0.410
0.509
0.758
0.123
0.028
0.495
0.010
0.785
0.572
0.603
0.051
0.080
0.000
0.000
0.000
0.000
0.333
0.115
0.017
0.000
1.057
0.090
0.000
0.000
0.000
0.000
0.082
7.975
0.000
0.392
0.590
0.716
0.232
0.000
0.058
0.000
0.710
0.098
0.000
0.269
0.036
0.524
0.926
0.136
0.146
0.000
0.731
1.967
0.001
0.323
0.036
0.019
0.031
2.811
0.000
7.043
0.648
0.075
0.000
0.670
0.000
16.752
0.000
0.060
0.197
0.145
0.138
2.315
0.000
91.104
0.770
0.586
13.824
0.554
0.000
0.561
0.135
0.000
0.000
0.000
0.481
0.741
0.000
0.000
0.000
0.000
0.201
0.152
28.646
10.063
0.000
6.467
0.000
0.176
0.026
0.000
0.057
0.545
0.108
0.251
0.855
0.155
0.710
0.047
16.386
0.906
0.026
0.000
1.781
0.113
0.000
0.057
0.000
0.460
9.434
0.000
0.082
0.286
0.000
1.663
0.049
0.070
0.218
1.876
0.517
0.026
0.000
0.226
0.000
0.217
0.021
1.060
0.000
0.000
2.494
17.285
29.337
0.001
2.173
0.174
0.160
0.046
1.835
9.649
0.077
0.064
1.330
0.000
7.772
10.577
0.690
0.000
0.000
0.372
0.000
0.000
0.000
0.000
1.043
2.912
0.000
1.890
0.004
0.000
12.170
0.000
0.034
0.000
0.002
0.305
1.116
0.204
0.000
0.025
0.000
0.010
0.117
0.811
0.000
0.000
0.246
0.070
3.658
1.322
0.178
0.000
0.000
0.000
0.235
0.000
0.184
0.000
0.794
1.442
0.079
0.000
0.000
0.000
3.510
18.726
2.350
0.000
0.025
0.000
0.061
1.623
0.394
0.008
1.153
0.077
0.000
0.229
0.754
4.373
3.276
0.080
0.770
0.000
0.000
0.000
0.202
0.000
0.175
0.179
0.252
0.324
0.298
0.000
0.000
13.145
0.094
0.000
1.445
0.096
0.000
1.151
0.662
1.107
0.000
0.124
0.040
0.476
0.071
17.304
0.302
2.511
0.000
0.032
0.000
0.337
0.000
0.000
1.253
1.052
0.000
0.683
0.014
0.000
0.000
0.000
0.480
0.000
2.349
0.744
0.006
1.005
0.100
0.159
0.008
0.000
1.105
0.000
0.717
0.764
0.000
0.000
1.154
0.000
0.148
4.916
0.000
0.052
0.000
3.794
0.000
0.000
0.000
0.000
0.000
2.172
0.434
1.054
0.245
0.000
0.005
0.219
0.001
0.000
0.738
0.351
0.024
0.000
0.000
0.000
0.000
0.000
0.788
0.000
0.000
0.064
0.000
2.172
0.039
1.790
0.000
0.000
0.046
0.256
0.000
1.924
0.316
0.000
0.082
0.000
0.000
0.000
0.000
0.654
0.043
0.211
0.558
0.105
0.000
3.805
1.104
0.000
0.147
0.107
3.860
0.000
0.564
0.000
0.225
0.916
0.000
0.000
0.135
69.185
0.002
11.563
0.356
0.000
17.846
0.000
4.706
0.000
1.940
0.106
1.099
0.000
0.000
0.364
0.000
0.000
0.000
3.483
0.251
0.000
0.232
0.000
0.151
8.769
0.470
0.010
0.000
0.000
0.091
0.000
0.599
0.000
0.000
2.529
0.514
0.000
0.056
1.876
5.028
1.636
0.277
0.019
0.024
0.154
1.130
0.106
0.000
0.000
0.000
0.000
0.148
0.176
0.000
0.096
0.000
0.074
0.169
0.568
13.861
0.000
0.000
0.000
0.009
0.206
0.268
0.072
0.289
0.041
0.023
0.000
0.000
0.000
0.000
2.091
0.000
0.358
0.000
0.275
0.013
0.000
0.003
0.156
0.800
6.953
3.664
0.000
0.000
0.000
0.090
0.085
1.564
0.000
0.000
1.972
0.000
0.000
0.403
1.037
0.457
0.000
0.569
3.501
0.355
11.872
0.016
0.065
0.121
0.031
1.620
0.024
0.000
0.000
0.000
10.840
0.000
0.315
0.691
0.406
0.432
0.000
0.162
0.016
0.039
0.258
0.050
0.027
0.000
14.634
0.000
0.134
0.455
1.533
0.000
0.080
0.000
0.099
3.679
0.548
0.000
2.104
0.000
0.088
0.078
0.000
0.000
0.780
0.139
0.614
0.000
0.153
0.000
0.085
0.171
15.428
0.043
0.000
0.109
0.329
0.809
1.584
0.288
0.000
1.348
0.000
0.000
0.000
0.173
0.000
4.490
3.526
0.000
0.000
0.000
0.000
1.706
0.000
0.152
0.841
0.000
0.000
0.497
0.184
0.000
0.002
1.683
0.000
0.056
0.273
0.000
0.000
0.000
0.123
0.000
1.293
0.138
0.000
0.000
0.000
0.563
0.301
0.129
0.000
1.105
0.188
0.000
0.000
0.000
0.402
0.000
0.541
0.035
0.000
0.000
0.000
0.000
0.035
0.006
0.879
0.000
0.093
0.091
0.000
0.000
1.667
0.465
0.142
0.000
0.000
0.056
0.000
0.000
0.486
0.875
0.183
0.000
0.000
0.000
0.000
0.000
1.620
0.000
0.000
0.072
0.000
0.987
0.132
0.000
0.000
0.000
0.250
0.000
0.000
0.000
0.000
0.221
0.317
0.000
1.102
11.933
0.000
0.976
1.031
0.094
0.000
1.870
0.000
0.051
0.104
0.130
0.000
0.000
0.000
0.592
0.000
3.201
1.380
0.000
0.780
1.032
5.990
28.896
1.203
0.471
0.183
0.000
0.000
0.167
0.102
0.000
0.000
0.317
0.761
0.000
0.443
3.426
0.170
0.028
0.619
10.607
0.248
0.083
0.875
0.948
0.000
8.858
0.000
0.000
0.000
0.751
4.786
19.841
0.037
8.558
5.098
0.108
0.000
0.100
0.395
38.524
0.373
2.784
1.742
0.435
1.281
0.000
0.296
0.997
0.039
0.141
0.192
0.000
0.044
1.309
0.000
0.063
0.000
0.038
0.008
14.765
0.371
0.000
0.000
0.000
0.498
8.461
6.100
0.066
0.447
0.528
0.212
0.402
30.956
0.175
1.299
0.228
1.865
0.000
0.184
0.000
0.046
0.113
0.596
0.064
0.000
0.008
0.000
0.000
0.000
0.000
0.077
0.703
0.000
0.027
0.000
0.178
0.069
1.868
0.000
0.161
43.732
0.000
0.061
0.000
0.000
0.231
0.358
0.000
4.321
0.008
0.361
0.687
0.088
0.262
0.000
0.175
0.273
0.636
27.263
0.195
0.000
1.676
0.000
5.814
0.875
0.000
0.000
0.000
0.000
0.122
7.626
0.000
0.000
1.011
0.000
1.132
2.162
33.751
0.163
0.522
0.000
0.335
0.000
0.000
0.000
0.094
0.418
0.380
0.000
9.131
1.533
0.593
1.165
3.308
0.000
1.173
0.000
0.657
13.400
0.285
0.000
0.709
0.000
0.497
0.000
0.000
0.000
0.000
0.050
0.037
0.456
0.475
0.000
0.015
0.000
0.063
0.000
1.270
0.000
5.279
0.362
0.029
0.277
0.000
0.073
0.000
0.000
0.057
0.300
0.350
0.000
0.038
0.240
0.037
0.067
0.736
1.332
0.217
2.575
0.000
0.000
1.307
0.053
0.820
4.004
0.686
0.455
0.248
0.352
0.000
0.098
0.000
3.377
0.787
0.152
0.000
0.140
0.000
0.113
0.042
0.058
0.000
0.222
0.000
0.000
0.004
0.000
0.294
0.440
0.000
0.164
0.059
0.000
0.065
0.000
0.000
0.025
1.277
0.240
0.463
0.438
0.000
0.063
1.342
0.000
0.000
1.032
0.000
3.556
0.868
0.033
1.152
1.261
0.000
0.056
0.000
0.247
0.000
0.085
16.443
0.000
0.219
0.000
0.101
3.160
0.000
0.850
0.000
0.000
0.170
0.758
0.230
3.219
0.000
0.000
0.513
0.000
0.129
0.144
0.965
0.000
1.852
0.109
0.106
0.049
0.241
0.015
3.131
0.000
0.107
0.467
27.047
2.463
19.671
0.029
0.000
0.000
14.927
0.000
0.000
0.000
0.000
0.000
0.021
0.000
0.000
0.947
1.488
0.000
0.000
0.230
0.040
0.000
0.000
17.795
0.000
0.000
1.948
0.000
0.046
0.000
1.721
0.118
0.072
0.110
1.964
0.818
0.050
0.134
5.964
0.000
0.725
0.000
15.540
0.016
0.224
0.107
0.055
0.000
2.060
0.000
1.902
0.055
0.889
0.141
0.000
0.000
0.640
0.000
0.269
0.000
0.665
0.030
0.000
0.910
0.000
0.198
0.042
0.000
0.181
40.326
0.480
0.220
0.019
1.460
0.000
108.700
0.000
0.005
2.766
0.098
0.008
0.055
0.365
0.068
1.304
0.000
0.675
2.410
0.523
0.000
0.100
2.419
2.451
0.566
0.066
0.580
0.000
0.943
0.176
0.171
2.226
2.174
0.000
0.048
0.570
0.000
1.401
0.179
1.067
1.035
1.188
0.059
0.000
1.395
0.484
0.549
0.000
0.000
0.063
0.794
0.000
0.000
0.000
0.000
0.000
3.883
0.000
3.670
0.000
0.567
0.762
0.000
0.998
0.000
0.139
0.286
0.528
1.462
0.473
0.974
0.138
1.266
0.018
0.000
0.000
0.921
0.318
0.008
0.000
0.000
0.878
0.000
6.538
0.000
0.036
0.065
20.841
0.000
0.001
0.000
0.000
0.103
5.925
0.000
0.158
0.000
0.341
0.346
0.000
0.000
0.192
0.000
0.250
0.217
22.454
0.020
0.098
0.000
0.078
0.000
0.440
0.000
0.327
0.000
2.315
0.000
0.925
0.000
2.333
18.001
0.000
0.824
5.145
0.722
0.000
0.000
1.930
0.000
0.000
7.285
0.453
0.000
0.000
0.000
0.000
0.061
0.000
0.279
0.000
0.130
0.000
0.000
0.224
0.000
0.000
0.000
0.496
0.104
0.000
0.329
4.924
1.328
0.053
0.016
1.271
0.000
0.018
0.000
0.012
0.292
0.634
0.000
0.165
0.000
0.016
0.000
0.232
0.000
0.000
0.000
176.450
4.752
0.085
0.061
0.160
0.242
10.726
0.000
0.000
0.132
11.049
0.000
5.551
2.668
1.638
0.000
0.000
0.000
2.124
0.000
0.861
0.000
0.177
0.000
0.000
0.317
0.000
0.203
0.546
0.274
0.117
0.000
0.000
0.000
0.000
0.027
0.168
0.000
0.000
0.159
0.000
0.000
0.000
6.004
0.032
0.174
0.000
0.231
0.544
10.027
0.143
0.000
0.000
0.000
0.015
0.002
0.859
2.601
0.000
0.054
0.000
12.373
0.000
1.217
0.053
0.186
0.000
0.324
0.000
1.787
0.000
0.000
0.000
0.000
0.000
23.242
0.460
21.952
13.115
1.057
0.000
0.130
0.000
0.013
0.000
0.671
15.646
0.000
1.010
0.462
0.000
0.000
0.018
0.000
0.000
0.000
0.026
0.370
2.546
0.000
0.000
0.000
0.167
0.000
0.030
0.790
0.000
3.569
0.030
0.000
0.000
1.092
0.556
0.000
1.493
0.000
0.000
0.174
0.065
0.189
9.008
0.043
0.000
0.362
1.605
0.122
0.000
0.156
0.503
0.000
0.345
0.000
0.030
0.000
0.000
0.678
0.000
3.870
0.000
4.928
6.271
0.024
0.262
0.000
0.238
0.000
0.214
0.000
0.000
8.505
0.270
1.714
0.034
1.945
0.833
0.000
0.029
0.011
16.520
3.451
0.132
0.000
0.005
0.003
0.497
0.000
0.000
0.000
0.000
0.578
0.000
0.818
0.003
0.514
0.464
0.120
0.000
12.409
0.448
0.228
0.000
0.000
0.525
0.123
0.088
0.000
0.039
0.638
0.000
0.000
0.686
0.000
0.550
0.003
0.021
4.257
0.000
0.000
0.072
0.000
0.000
0.045
0.778
0.000
0.000
0.174
8.283
0.093
0.000
0.000
0.000
0.000
0.000
0.000
0.033
9.921
0.119
0.471
0.002
0.000
0.000
0.116
0.912
0.000
2.635
0.067
0.000
1.409
0.403
0.012
0.093
0.000
0.000
0.863
0.045
0.000
0.000
0.000
0.000
0.000
1.141
0.000
0.116
1.243
0.285
0.000
1.141
0.000
0.045
0.000
0.824
0.434
0.053
0.029
2.080
1.402
0.536
0.000
0.000
0.000
1.099
0.049
0.440
1.459
0.000
0.608
0.942
0.000
0.000
157.688
0.009
0.000
0.791
1.273
0.026
0.020
0.277
0.971
0.204
0.044
0.000
0.012
26.105
6.356
0.000
1.615
1.542
0.000
2.870
0.000
0.146
0.120
0.159
0.273
0.936
0.089
3.586
0.740
0.048
0.000
0.000
0.000
0.000
0.239
0.084
0.000
0.708
0.152
0.000
0.000
0.000
0.323
0.104
0.000
0.204
0.000
0.000
0.079
0.000
0.550
0.000
0.000
0.086
0.132
0.088
0.316
3.306
2.143
0.693
0.094
0.000
0.000
0.916
0.000
0.005
0.049
0.017
0.000
0.000
0.890
0.000
3.140
0.000
0.000
0.049
0.156
0.638
0.566
0.061
0.000
0.000
0.364
0.000
0.000
0.000
0.188
1.616
0.045
1.769
0.000
0.134
0.000
0.975
0.000
1.422
0.000
0.226
0.872
0.000
0.253
5.289
0.539
0.016
0.000
2.847
0.034
0.428
0.327
0.045
1.624
0.000
0.000
1.222
0.000
0.441
0.009
0.360
0.000
0.000
0.958
0.025
10.948
0.051
0.021
0.000
1.610
4.404
0.502
0.705
0.063
0.073
1.069
12.037
0.105
0.533
0.002
0.084
0.141
0.543
0.002
0.657
0.000
1.480
0.620
0.000
0.000
4.738
0.070
0.045
0.000
0.049
0.069
1.838
0.000
0.214
0.307
0.000
0.430
0.322
1.971
0.000
0.000
10.505
2.068
0.061
0.000
11.820
0.000
0.000
0.000
0.000
0.099
2.905
0.000
0.048
0.057
0.264
1.358
0.119
0.000
0.000
0.000
0.370
0.000
0.000
0.000
0.000
29.776
12.610
2.394
0.792
0.038
0.000
0.000
0.000
0.158
0.000
0.096
0.099
0.111
0.032
0.022
0.439
0.000
0.541
0.317
0.000
0.504
0.083
0.000
0.000
0.271
0.588
0.475
0.000
0.049
1.147
0.056
1.307
0.000
0.000
1.756
0.556
0.000
0.000
23.579
0.000
0.032
0.000
0.000
0.192
0.000
7.290
0.000
0.000
0.000
0.000
0.000
0.090
0.086
0.000
0.000
0.024
3.473
0.000
1.248
0.738
0.000
24.332
0.109
1.038
0.000
0.000
2.440
16.114
0.008
0.530
0.264
0.710
0.000
0.000
0.043
0.000
0.000
0.000
0.181
0.023
0.054
0.314
0.018
0.045
0.076
0.062
0.000
0.000
0.281
0.000
0.000
0.000
0.000
0.000
0.000
0.000
1.909
0.973
0.032
0.000
0.131
0.000
3.662
0.564
2.678
0.018
0.000
0.000
0.596
0.000
0.065
0.348
0.408
0.010
0.100
0.298
0.000
0.080
0.000
0.784
0.000
0.495
0.000
1.786
0.000
0.000
0.251
0.583
0.894
0.078
0.094
0.000
0.021
0.079
0.997
0.453
13.197
0.000
0.017
0.000
4.077
2.737
0.000
0.043
0.281
1.437
0.120
0.194
6.263
0.000
0.064
1.650
0.000
0.016
0.000
7.640
0.117
7.601
4.543
4.127
0.000
2.831
0.211
0.000
0.159
0.273
0.000
0.000
2.409
0.040
18.159
0.000
0.094
9.147
0.098
0.127
0.000
0.280
0.000
2.076
0.145
0.158
0.002
0.010
1.600
0.042
2.436
0.014
0.000
0.914
0.052
28.283
0.000
0.202
0.000
0.012
0.099
0.384
0.000
0.000
0.000
0.000
0.000
0.058
4.217
0.000
14.515
0.772
10.777
2.564
2.858
0.329
0.000
0.097
0.030
0.000
0.239
0.159
0.000
1.734
0.000
0.001
0.000
0.000
1.515
0.009
0.018
0.136
0.000
0.000
0.000
0.000
0.160
0.000
0.057
0.000
0.075
0.003
0.101
0.299
0.000
0.000
0.000
0.438
0.033
0.294
0.000
13.595
0.828
0.620
0.000
1.383
0.558
0.000
0.441
0.026
10.799
1.038
0.978
0.000
3.131
0.080
1.070
0.512
0.000
76.086
1.378
0.000
0.000
0.226
0.000
0.000
0.144
0.369
2.989
7.264
0.278
0.000
0.000
0.040
1.072
0.227
0.000
0.556
1.286
0.000
0.000
7.075
2.735
0.153
0.082
0.000
0.281
0.000
0.121
0.000
0.000
0.000
0.000
0.144
0.000
0.000
0.643
0.965
0.391
0.126
0.000
0.147
2.404
0.138
0.960
0.000
0.311
0.027
0.377
0.068
0.000
2.183
0.000
0.069
0.001
0.000
0.264
0.018
0.000
0.710
0.044
0.000
16.987
0.000
0.473
0.101
0.000
0.000
0.000
0.000
0.000
0.000
0.133
0.000
0.023
0.000
0.289
9.586
0.000
0.074
0.015
0.000
0.000
0.000
1.593
0.000
0.153
0.000
0.242
1.108
0.000
0.000
0.000
2.468
0.000
0.000
7.615
0.748
0.332
0.001
0.067
0.053
0.223
0.050
0.056
1.579
0.000
1.054
0.000
0.000
0.000
0.000
0.332
0.000
0.016
12.120
0.270
1.287
0.000
0.056
0.000
0.000
0.000
0.000
0.226
0.456
0.380
0.000
0.000
7.099
5.716
0.017
1.413
0.132
0.193
0.000
0.481
0.000
1.112
0.000
0.916
0.000
0.665
0.247
0.091
5.503
0.280
0.000
1.564
0.018
0.000
0.006
0.000
0.000
0.012
0.151
0.000
0.229
0.000
0.000
0.000
0.000
0.000
0.000
0.195
0.000
0.144
0.000
0.168
2.863
0.000
0.004
6.185
0.084
0.000
0.090
0.000
0.169
2.020
0.000
0.000
0.000
0.021
0.000
0.228
0.038
0.433
0.000
0.926
0.000
0.223
1.123
0.000
0.000
0.000
0.008
52.088
0.514
0.000
0.285
0.000
0.000
0.011
0.000
0.000
4.933
0.278
0.000
0.476
0.015
0.000
0.157
0.000
0.000
0.000
0.013
0.173
0.000
0.547
0.869
0.424
0.000
0.000
0.340
0.000
0.000
0.589
1.208
0.266
11.078
0.000
0.000
0.245
0.020
0.000
0.000
0.043
0.000
0.000
0.077
5.545
0.000
0.100
2.126
22.584
0.000
0.000
3.314
0.398
0.003
0.000
0.006
0.909
0.000
0.129
0.056
0.164
8.772
10.929
0.000
0.185
0.792
3.936
0.175
0.025
0.000
0.000
0.283
0.000
0.033
0.000
0.408
2.259
0.021
0.000
9.779
0.000
0.123
0.000
0.000
0.000
0.271
0.304
14.466
0.005
4.377
0.263
0.000
0.009
0.597
0.060
0.629
17.408
4.158
0.201
0.000
0.678
0.000
1.641
0.000
0.000
3.041
11.058
0.000
0.000
0.101
0.048
1.168
0.000
6.576
0.000
0.090
0.498
1.524
1.411
1.243
0.000
0.096
0.444
0.064
0.280
0.191
0.000
0.032
0.000
0.358
0.144
0.005
0.328
0.008
1.025
0.000
8.656
0.055
1.758
0.073
0.000
0.413
0.054
0.000
0.000
0.184
0.000
0.000
0.457
2.471
0.126
3.076
0.000
0.463
0.000
0.682
0.999
0.000
0.028
0.000
0.000
0.392
0.413
0.470
0.000
0.000
4.088
0.789
0.000
1.416
0.050
1.755
0.233
14.460
0.443
0.184
0.485
0.795
0.000
0.000
0.000
0.007
0.000
0.728
0.000
0.000
0.346
0.961
0.000
0.000
0.093
1.863
0.000
0.000
0.000
39.851
0.342
0.000
0.000
0.866
1.609
0.190
0.936
0.000
2.330
0.000
0.000
1.734
0.000
0.000
0.142
0.000
0.079
0.000
0.044
0.005
0.000
0.348
0.379
0.000
0.000
0.027
0.000
0.000
0.000
0.000
0.319
0.000
0.000
0.000
0.000
0.000
0.000
0.442
0.000
2.324
0.306
0.899
0.335
2.509
0.000
0.076
0.163
0.000
0.000
0.120
0.000
0.000
0.000
0.000
0.000
0.092
0.020
0.000
0.328
0.058
0.000
0.000
0.014
0.305
0.091
0.039
0.023
0.000
0.930
0.048
0.171
0.067
0.000
0.411
0.000
0.000
0.000
0.000
0.000
0.000
7.528
0.054
0.236
0.095
0.003
0.000
1.068
0.000
0.000
0.851
0.000
0.000
0.000
0.000
0.000
0.000
4.670
0.038
24.047
0.048
0.000
1.154
0.000
0.609
0.000
0.727
0.000
0.022
0.000
0.789
3.912
0.971
0.000
0.167
0.433
1.620
0.000
0.000
7.946
0.010
0.000
0.076
0.020
0.120
0.000
0.035
0.000
0.272
0.000
0.457
4.308
0.000
0.062
0.617
0.119
0.000
1.227
16.993
0.000
0.008
0.220
1.067
0.000
0.065
0.418
3.459
0.000
0.000
0.000
0.000
0.000
0.111
0.029
0.000
0.000
31.276
0.031
0.000
0.000
0.000
1.100
0.000
0.000
0.054
0.000
0.000
0.026
0.000
0.000
0.094
1.016
1.540
0.000
0.820
0.225
0.000
0.000
5.171
3.000
9.929
0.000
0.000
0.019
0.855
0.605
14.542
0.000
0.083
0.913
0.418
2.234
0.016
5.281
4.856
0.000
0.086
0.000
0.022
0.000
0.000
0.601
0.940
0.106
0.000
0.496
0.000
0.000
0.000
0.000
0.049
0.000
0.000
0.549
0.287
0.000
0.000
0.073
0.000
1.687
1.547
0.000
0.000
1.512
0.000
2.309
0.000
0.896
0.057
0.204
0.299
0.000
0.125
0.266
10.614
0.000
0.000
0.232
0.000
0.039
0.892
1.037
0.000
0.011
0.000
0.185
0.000
16.197
0.664
0.000
0.340
0.281
0.000
0.000
0.000
4.102
0.538
0.274
2.147
6.246
0.000
0.000
44.419
0.000
0.012
0.017
0.932
4.460
0.000
0.148
1.011
0.000
0.000
0.000
0.000
0.000
0.239
0.310
0.000
0.000
0.053
0.136
0.785
0.598
0.319
6.681
0.000
0.184
0.000
0.000
0.808
0.000
0.088
0.364
0.000
0.103
0.442
0.000
0.000
0.654
0.120
0.000
0.000
0.471
0.137
0.160
0.000
0.000
8.758
0.400
0.000
0.214
0.359
0.000
0.433
5.210
0.000
0.044
0.040
0.000
0.000
0.533
1.192
0.000
0.216
0.091
0.000
0.000
0.000
0.078
3.644
0.071
0.134
0.030
1.235
0.068
0.321
0.000
2.685
0.815
0.000
0.115
15.396
0.000
0.680
0.261
0.067
0.053
0.682
0.000
0.000
43.496
0.000
0.000
0.000
0.041
0.000
2.003
3.696
0.765
0.000
0.000
0.038
24.542
0.359
0.980
0.000
0.201
1.281
0.016
0.729
0.089
0.000
0.000
0.000
0.033
0.000
0.000
0.000
0.185
0.387
0.000
0.000
0.000
1.471
0.083
0.119
2.596
0.000
0.122
0.073
4.461
0.227
0.053
0.127
0.000
0.000
1.389
0.000
0.036
1.407
0.044
2.505
0.008
0.000
6.295
0.469
0.815
0.000
0.000
0.000
2.295
0.000
0.174
0.000
0.000
0.593
0.000
0.061
0.000
0.887
0.000
0.496
0.014
0.000
0.036
0.000
0.000
0.000
0.998
0.020
1.005
0.163
0.013
0.000
0.000
0.000
81.833
13.620
0.000
0.085
0.270
0.000
0.010
0.207
0.137
0.132
0.000
1.133
0.006
0.000
0.552
8.041
0.000
3.581
1.043
0.093
0.000
0.605
0.031
1.031
0.192
2.081
0.023
0.129
0.000
0.195
0.041
2.487
0.000
0.085
0.072
0.000
0.457
36.023
8.627
0.000
0.000
0.380
0.000
0.000
0.000
0.433
0.769
0.000
0.915
0.015
3.807
3.532
0.000
0.694
0.963
0.153
0.115
0.020
1.242
0.000
1.497
0.000
0.000
0.435
0.000
0.062
2.539
0.041
0.000
0.109
0.017
0.000
0.000
0.000
0.162
0.087
0.000
0.000
1.953
2.529
5.260
0.047
0.222
1.040
0.000
0.016
0.000
0.000
0.000
0.700
0.435
0.000
0.922
0.375
0.253
0.179
0.603
0.656
0.000
0.142
0.599
0.164
0.016
0.327
0.000
0.000
0.000
0.000
2.852
1.557
0.219
0.000
7.047
0.032
0.296
0.059
10.218
26.432
0.000
0.072
0.517
8.517
0.968
0.000
0.018
0.000
2.124
0.000
0.445
10.397
0.039
0.000
0.000
1.313
1.849
2.653
0.032
0.000
0.065
0.223
0.000
25.641
0.257
0.000
0.018
0.000
5.080
2.204
0.000
0.210
0.000
0.017
1.450
1.039
0.894
0.292
0.004
0.012
1.505
0.557
2.655
0.000
0.000
0.000
0.000
0.033
0.344
0.032
0.000
0.043
0.000
0.199
0.000
0.000
0.000
0.000
0.000
0.000
0.000
0.119
11.123
0.000
0.000
0.000
0.027
0.000
0.000
0.991
0.000
0.512
0.000
1.335
0.000
0.000
0.000
0.000
0.000
0.542
0.792
0.000
0.016
0.000
3.737
0.000
0.058
0.002
0.012
8.585
0.596
0.000
0.805
0.158
2.827
0.000
1.531
2.417
0.005
0.000
0.036
1.133
0.221
1.090
3.439
0.000
0.000
0.048
0.000
0.389
0.071
0.177
0.039
1.362
0.291
0.000
0.023
0.536
0.321
0.476
0.179
0.000
0.000
0.987
0.000
0.044
0.466
0.137
0.018
0.000
1.705
0.083
0.000
0.041
0.156
0.068
1.868
0.000
0.033
0.000
0.000
17.097
1.171
0.304
0.524
0.000
0.047
0.000
0.000
0.969
0.028
0.049
0.068
0.000
0.000
0.697
0.725
0.215
0.087
0.000
0.000
0.034
0.268
0.000
0.122
1.192
1.024
0.000
0.000
0.065
0.135
0.000
0.177
0.383
0.008
0.000
0.353
0.000
0.344
0.036
0.132
0.342
0.154
0.074
0.317
0.000
0.527
0.153
0.000
1.014
3.804
0.000
0.106
1.266
0.000
0.003
0.000
5.860
0.121
0.029
2.568
0.156
0.796
0.274
0.031
1.560
0.171
0.000
21.995
0.018
0.000
2.982
3.438
6.543
4.817
0.000
0.000
0.425
0.944
0.000
1.545
0.897
0.000
0.000
1.563
0.192
0.000
0.000
0.000
0.061
0.034
0.000
0.142
1.100
0.000
0.000
0.000
0.294
0.000
0.000
0.000
0.709
0.000
0.000
0.000
0.007
0.009
0.000
0.000
0.000
4.167
0.070
0.083
0.812
3.064
0.962
0.000
1.007
1.417
0.096
1.957
0.000
0.549
0.000
0.257
0.000
0.816
0.000
0.411
0.000
0.032
0.303
0.172
0.961
0.000
0.184
0.000
0.138
0.398
0.146
0.053
0.000
0.234
0.000
0.008
0.226
0.000
0.000
0.000
0.010
0.000
0.112
0.017
5.990
0.020
0.241
0.030
0.207
0.421
0.000
0.004
0.027
0.000
0.476
0.000
7.257
0.000
0.000
0.389
0.000
0.021
0.000
2.762
0.000
0.014
1.483
0.023
0.000
0.000
0.000
0.000
0.439
0.000
0.000
0.172
0.017
0.000
2.539
0.000
7.901
0.000
0.164
0.067
4.716
13.955
0.006
0.121
0.000
0.000
0.971
0.000
0.000
1.841
1.358
0.000
0.000
0.000
0.003
0.381
0.032
0.000
0.167
0.593
0.000
0.479
0.000
0.270
0.000
0.016
0.000
0.365
0.161
0.000
0.000
0.000
1.030
0.714
0.000
0.000
0.002
0.212
1.578
0.748
0.031
0.000
0.132
0.026
0.993
0.000
0.091
2.732
0.325
0.579
0.012
0.153
0.093
0.285
0.883
0.000
0.539
0.310
0.132
0.000
0.006
0.711
1.287
0.000
0.618
0.243
0.000
0.992
0.000
2.237
0.340
3.509
5.703
0.000
0.364
0.060
0.917
0.000
0.000
0.126
0.002
0.065
0.117
0.045
0.288
0.165
0.040
0.855
0.114
0.038
0.123
0.000
0.010
0.112
0.000
0.000
0.000
0.000
0.007
0.000
0.173
1.796
0.000
0.016
0.000
0.044
0.000
0.000
0.000
0.000
11.343
0.000
0.000
3.686
0.462
0.231
0.000
0.149
0.000
0.000
0.000
0.000
2.192
0.000
0.000
0.066
0.039
0.000
0.108
0.363
6.259
0.000
6.956
0.113
0.079
7.813
0.000
0.458
0.000
0.000
0.000
0.000
1.445
0.002
0.546
0.085
0.002
0.029
0.220
0.000
0.195
0.000
0.000
0.000
0.000
0.006
0.241
0.000
2.483
0.050
0.000
0.000
0.000
0.000
29.135
0.000
0.000
3.191
0.000
0.176
0.077
0.000
0.000
0.000
0.000
0.020
0.000
0.984
0.000
0.000
0.118
0.000
0.079
0.186
0.000
0.000
0.000
0.000
0.007
0.600
0.161
0.986
0.000
0.000
0.000
0.059
69.611
2.799
0.000
0.145
1.764
0.576
0.314
0.083
23.811
0.614
0.000
0.024
0.004
1.078
0.000
0.000
0.916
1.002
0.398
0.112
0.084
0.054
1.763
0.131
0.000
0.091
0.000
0.000
8.257
0.000
0.000
1.246
0.000
0.000
3.384
0.180
0.750
1.540
1.093
0.006
0.000
0.000
0.848
6.318
0.000
0.439
0.000
0.639
0.000
0.302
0.000
0.000
18.094
0.175
1.509
0.327
0.000
0.011
0.262
0.432
0.000
0.000
0.000
0.673
1.173
0.281
0.049
0.000
0.000
0.000
0.099
0.340
0.000
0.205
0.000
0.000
0.000
0.202
0.000
1.068
0.082
0.031
2.328
0.000
0.482
1.507
0.156
0.675
0.000
0.001
1.190
0.000
0.005
9.170
0.274
0.000
1.082
0.111
0.000
0.785
10.231
0.036
0.000
0.092
0.091
0.000
0.000
20.369
0.383
0.099
0.282
0.000
1.982
2.225
0.253
0.000
0.000
1.526
0.204
0.000
0.000
0.000
0.337
0.000
0.000
10.324
2.702
14.922
0.000
0.000
7.123
4.155
0.000
3.174
0.752
0.000
0.073
0.066
0.000
0.118
9.093
0.251
3.382
33.749
0.000
1.103
0.000
0.000
0.177
0.433
0.027
0.656
0.000
0.000
0.100
14.733
0.237
0.195
0.000
7.041
0.000
0.090
0.000
0.000
0.298
0.000
0.000
0.000
7.382
0.895
17.048
0.000
0.000
0.000
4.637
0.952
0.000
0.424
2.599
0.016
1.734
0.000
0.000
0.000
0.000
0.000
0.342
0.000
0.000
1.189
2.948
0.795
0.243
0.000
0.000
0.103
0.274
0.018
0.000
0.000
0.000
20.043
0.000
0.062
0.000
0.101
0.000
0.000
0.000
0.000
0.000
25.158
1.277
0.000
0.000
15.914
0.000
0.000
0.391
0.000
1.872
0.105
0.000
0.090
0.065
0.373
0.000
21.359
0.000
21.448
32.703
0.000
0.000
0.007
0.000
0.984
0.000
4.976
0.019
0.008
0.046
0.050
0.023
3.153
0.047
0.489
0.021
1.781
0.086
0.000
0.000
0.000
0.000
0.130
0.000
1.785
0.279
0.000
0.351
0.000
0.000
2.597
0.000
0.000
0.176
0.000
0.000
0.312
3.297
0.141
14.100
0.000
0.000
0.000
0.000
0.000
0.051
20.649
1.032
0.000
0.590
2.363
22.714
0.000
0.029
0.008
0.435
1.586
0.000
90.978
0.777
0.000
0.040
0.304
13.641
0.000
0.881
0.268
0.000
8.135
0.000
2.808
0.000
0.610
0.000
0.000
0.000
0.205
1.003
0.033
4.980
0.096
0.120
0.156
0.034
1.042
0.000
0.204
0.000
0.392
0.050
1.019
0.301
0.127
0.140
3.351
0.000
0.000
0.000
0.761
0.261
0.045
0.011
1.748
0.000
0.377
0.448
0.000
0.053
0.000
0.118
0.000
0.000
0.933
2.061
0.000
0.019
0.228
16.539
5.662
0.000
22.607
47.013
0.000
5.605
0.000
50.786
9.842
0.000
0.697
0.039
0.000
0.576
23.546
0.000
6.410
0.000
0.581
0.021
0.341
0.134
0.000
0.000
0.000
0.144
0.000
0.000
2.123
0.784
0.055
2.382
0.035
0.000
1.752
0.019
1.337
0.000
0.866
0.000
0.000
0.836
0.033
0.044
0.000
0.000
0.171
6.738
1.863
10.920
0.000
0.017
0.061
0.000
0.741
0.000
0.129
17.869
0.403
0.000
0.050
13.917
0.372
0.000
0.694
0.000
1.600
0.000
0.010
0.519
0.156
0.314
2.567
0.180
0.000
0.056
0.033
0.000
0.000
0.685
0.000
0.002
0.413
0.000
1.069
0.000
0.538
0.108
0.476
0.470
0.786
0.194
0.000
0.000
0.461
0.399
0.000
12.715
0.039
0.044
0.231
0.000
0.171
0.000
0.473
0.000
0.042
3.499
0.000
6.525
0.132
0.488
0.000
0.000
0.000
1.815
0.000
0.000
0.038
0.686
0.154
0.000
0.000
0.000
0.184
0.000
0.000
1.327
0.000
13.035
0.032
0.000
1.253
0.444
0.000
0.000
0.000
0.000
7.868
0.239
0.246
0.254
0.000
0.000
2.158
0.096
0.000
10.301
0.002
0.000
0.000
0.146
0.000
9.828
27.740
0.268
0.000
0.323
2.974
7.435
0.569
0.283
0.016
0.000
0.195
0.060
0.000
0.227
0.637
0.470
0.065
0.000
0.000
0.000
25.627
0.074
0.000
0.000
0.000
0.272
10.604
0.000
2.497
0.110
0.006
6.309
0.000
0.000
0.651
0.027
0.000
0.000
0.983
0.000
8.056
0.494
12.640
2.992
0.574
0.134
17.018
45.893
0.164
0.039
68.824
0.026
0.000
0.082
0.236
0.000
0.497
0.016
0.000
0.000
0.571
0.000
0.611
4.155
0.000
0.201
1.545
0.249
4.815
0.066
0.000
0.000
0.968
0.374
0.064
0.000
0.079
0.000
0.020
0.000
0.000
0.042
0.000
0.951
0.082
0.000
0.863
0.062
0.000
0.162
10.908
0.085
0.276
0.000
0.080
1.862
0.043
0.103
0.000
0.000
0.084
0.000
0.000
0.384
0.000
0.005
0.098
20.040
0.076
0.000
5.743
0.000
0.000
0.000
0.000
0.000
0.006
0.000
0.055
0.527
0.000
0.093
0.036
0.088
0.070
0.007
0.000
0.000
0.000
0.197
0.000
1.669
0.000
0.000
0.659
0.032
0.000
0.000
16.098
0.010
0.000
0.000
18.004
0.000
0.000
0.095
0.000
0.407
0.099
0.000
3.059
0.620
0.000
0.343
0.011
11.196
0.154
0.931
0.000
1.444
0.041
0.355
2.192
1.659
1.489
2.106
0.000
1.235
0.833
1.778
0.000
0.000
0.223
0.000
0.978
0.430
0.000
0.000
2.972
0.348
0.037
0.000
1.103
0.000
0.000
0.000
0.000
0.000
0.247
1.254
0.000
0.000
0.000
0.000
0.000
0.286
0.000
0.000
0.208
0.488
1.994
3.709
0.036
0.000
0.000
0.000
0.091
0.000
0.000
0.000
0.004
0.352
0.071
6.385
0.749
0.791
0.105
0.028
0.000
0.000
0.451
0.042
0.000
0.000
0.000
0.114
0.414
4.883
0.026
0.000
0.000
0.000
0.000
1.168
0.308
0.000
0.000
0.000
0.000
0.000
0.111
0.190
0.125
0.025
75.802
0.000
0.082
2.327
0.000
0.535
0.000
0.082
2.627
0.000
0.000
0.772
0.058
0.237
94.911
0.126
0.000
0.000
0.000
0.000
0.000
2.017
0.000
0.041
0.079
2.155
2.097
0.920
0.356
0.000
0.000
0.000
1.083
1.251
0.000
5.657
0.002
0.000
0.000
0.000
21.953
1.491
0.000
37.557
0.000
0.132
0.000
0.000
5.242
0.000
2.779
0.349
0.135
1.700
0.044
0.000
0.000
0.000
0.069
0.032
0.005
0.000
41.260
0.214
0.000
0.304
23.945
0.833
0.000
0.000
0.000
0.131
0.870
0.000
7.853
0.202
0.488
0.747
0.014
1.267
0.000
0.371
0.017
0.054
0.000
3.913
2.261
5.110
0.450
0.136
0.000
0.402
0.829
0.000
0.032
0.000
3.419
0.000
0.179
0.000
0.000
0.000
0.000
0.000
0.184
0.353
0.285
0.000
0.119
2.848
1.022
39.552
0.000
0.002
0.079
1.296
39.995
0.000
0.000
3.155
0.000
0.000
0.374
0.000
0.048
0.528
0.000
0.004
0.000
0.000
2.550
0.000
0.085
0.000
0.000
0.150
0.578
0.682
0.166
0.000
0.000
0.146
0.000
0.072
0.061
15.956
0.065
0.000
0.139
3.893
0.144
0.613
0.000
0.739
0.000
0.757
3.520
0.000
0.039
0.000
0.040
0.176
0.255
0.965
0.000
1.957
0.588
0.000
0.000
0.000
0.000
1.441
0.128
0.105
0.007
0.000
0.000
0.059
0.055
0.000
0.000
1.579
1.694
3.104
0.529
0.262
0.000
0.000
0.000
1.713
1.975
0.000
0.001
0.508
0.766
8.336
0.000
1.177
0.223
0.000
0.199
0.010
0.182
0.000
2.443
7.564
0.000
0.010
0.000
0.648
0.000
0.000
1.068
2.132
0.000
0.000
0.244
0.156
0.000
0.413
0.335
0.751
0.011
0.000
0.141
0.000
0.117
3.724
0.172
0.000
0.000
0.389
0.000
0.535
0.295
0.371
0.000
0.000
0.000
0.407
0.083
0.000
0.000
0.690
0.043
0.008
50.157
0.714
33.731
0.520
0.000
0.000
0.082
0.000
0.286
0.000
0.000
8.185
0.477
6.463
0.000
0.050
0.410
0.000
0.000
0.000
0.000
2.555
0.178
0.058
0.000
1.773
0.000
0.006
0.911
0.086
0.000
0.076
0.009
0.000
2.332
0.101
0.508
1.574
0.232
0.477
0.000
0.759
0.033
0.000
0.000
0.000
0.572
4.018
0.000
0.394
0.000
0.076
0.044
0.016
2.569
1.318
0.000
1.916
0.000
0.000
0.048
3.267
0.000
0.000
0.000
33.516
0.000
1.040
4.054
0.124
0.109
0.000
13.451
0.118
0.930
0.000
1.016
0.108
2.651
0.000
2.836
0.000
0.808
0.000
0.000
0.822
0.000
0.000
0.164
1.816
0.000
6.450
0.763
0.056
0.000
0.186
0.051
0.186
0.000
0.000
2.043
3.716
0.000
0.000
0.414
0.966
0.000
45.973
0.000
0.000
1.617
0.414
0.561
0.000
11.528
0.247
0.757
0.000
1.555
0.011
0.143
0.000
0.000
0.000
4.277
0.274
0.000
0.200
4.581
0.051
4.602
0.019
0.068
0.044
0.625
0.001
0.204
15.681
0.000
3.354
0.000
0.380
0.642
0.000
0.000
0.029
0.031
0.000
0.000
0.063
0.000
2.435
0.092
0.745
1.111
6.260
4.278
0.325
3.095
0.000
0.000
0.145
3.115
0.000
0.000
0.505
0.003
0.138
0.000
0.723
0.847
0.291
0.333
0.483
0.000
22.434
0.101
0.014
0.205
0.000
2.284
0.332
0.448
0.000
0.000
0.000
0.217
0.000
0.000
0.000
0.294
0.000
0.000
0.138
0.688
0.245
0.000
2.376
0.000
0.187
0.000
3.504
0.369
0.000
0.121
0.011
0.000
0.744
0.000
0.000
0.000
3.342
0.015
0.005
0.048
0.037
1.730
0.000
0.000
0.034
5.145
0.029
7.570
0.000
0.000
0.000
2.775
0.596
0.222
0.000
3.553
6.113
1.168
0.111
0.000
0.000
0.000
0.190
0.080
2.229
4.345
3.633
1.146
0.053
0.496
1.646
0.000
0.000
0.000
0.545
0.057
0.052
0.250
0.337
0.325
0.000
0.482
0.019
0.140
0.000
3.608
0.000
0.083
0.015
0.293
1.759
0.162
0.191
0.000
0.145
0.000
0.000
0.000
0.000
0.399
0.000
15.774
0.185
11.543
0.000
0.000
0.985
0.548
0.344
0.000
0.000
2.740
0.208
0.000
1.605
0.000
0.000
0.026
0.003
10.201
0.000
0.000
0.000
0.335
0.029
1.174
9.708
0.060
0.304
0.000
0.152
0.457
0.335
5.194
0.000
0.000
0.188
0.793
0.101
0.071
0.100
0.161
0.091
0.000
0.000
0.092
0.000
0.727
0.326
0.000
0.000
2.175
0.000
0.000
1.894
0.122
2.347
0.459
5.508
0.213
0.465
0.000
2.158
0.000
0.000
0.845
0.000
2.467
0.059
0.000
0.612
0.059
1.742
0.000
0.000
0.000
0.099
0.229
0.928
0.013
0.000
0.000
0.744
0.000
0.000
2.962
0.375
0.143
9.110
0.065
0.000
0.000
0.000
0.033
2.941
0.941
6.739
0.000
0.000
0.092
0.000
0.042
0.623
0.000
0.424
0.000
2.611
0.000
0.000
0.000
0.068
0.066
1.089
0.038
0.000
0.000
0.000
0.351
0.007
0.978
1.167
0.000
0.000
0.000
0.191
0.131
4.886
0.000
0.332
0.000
0.513
0.051
0.000
7.359
0.298
4.995
0.030
24.685
0.000
0.206
0.000
0.214
0.545
0.042
0.577
1.558
0.514
0.304
2.612
0.047
14.631
2.854
0.433
0.060
0.000
0.011
44.770
0.013
0.000
0.000
0.000
0.000
0.000
0.000
3.098
1.272
4.577
0.000
2.985
0.000
0.082
0.000
0.077
5.567
0.273
0.013
0.000
0.193
0.773
0.008
0.000
0.000
0.058
0.000
0.083
0.037
1.421
0.000
0.021
1.434
0.000
11.774
0.000
1.848
0.394
0.000
1.269
1.818
1.948
0.000
0.000
0.395
0.107
0.000
0.000
0.000
0.000
0.000
0.271
0.000
0.226
0.673
0.022
3.038
0.000
0.000
5.463
0.000
0.000
0.212
0.000
0.541
0.944
0.000
0.079
0.083
0.158
0.000
0.000
0.150
0.000
0.034
0.000
0.072
0.146
14.394
16.720
0.048
0.000
0.000
0.120
0.194
0.000
0.089
6.288
0.029
0.000
1.286
0.004
7.776
0.000
0.245
0.195
0.000
0.000
0.348
3.305
0.009
0.000
0.792
0.136
0.000
0.577
0.637
0.645
0.000
0.036
0.000
0.000
0.156
4.154
0.000
0.000
0.692
1.129
0.213
0.032
0.058
0.000
0.000
0.138
0.000
0.438
0.000
0.000
0.026
4.644
0.001
1.122
1.131
0.000
0.002
0.000
20.091
0.000
8.595
0.075
0.512
0.000
0.324
26.197
0.000
0.000
0.993
0.211
0.093
0.236
0.000
0.000
0.037
0.000
0.970
0.036
0.012
8.013
2.499
0.000
0.509
0.000
5.315
0.000
0.000
0.000
0.164
0.055
0.362
1.033
0.000
0.847
0.000
0.324
0.000
0.064
0.000
