1.511
0.000
0.040
0.000
0.000
0.000
0.000
0.129
0.000
0.329
0.526
11.311
38.039
0.142
0.000
0.001
0.006
0.060
0.369
0.288
0.000
2.603
1.663
0.291
0.093
0.000
0.355
0.000
0.000
0.001
0.347
0.000
0.108
0.223
0.000
0.363
0.210
2.995
1.719
11.644
0.074
1.931
0.000
0.151
0.647
0.000
0.887
0.019
0.000
0.039
0.975
0.290
0.000
0.603
0.114
0.002
4.224
0.830
0.172
0.008
0.864
0.134
0.000
3.414
0.029
0.642
0.000
0.000
0.197
0.029
0.010
5.588
0.000
0.000
4.099
2.155
0.000
0.478
0.991
0.000
0.000
0.000
1.814
0.000
14.957
0.000
0.782
0.022
0.013
29.525
0.000
0.310
0.000
0.017
3.955
3.477
0.132
0.000
0.000
0.000
0.271
0.013
0.000
0.000
0.000
0.035
0.000
0.000
1.529
0.000
0.223
0.041
0.000
0.290
0.000
0.000
0.000
0.000
0.012
0.000
0.016
0.050
0.006
4.804
0.438
0.286
0.000
43.238
0.849
0.102
17.727
0.536
0.933
0.000
0.037
0.139
0.000
0.000
0.204
0.000
0.087
5.841
4.831
0.049
0.000
0.000
0.003
0.024
2.371
5.283
0.000
0.144
0.014
0.000
1.048
0.001
0.036
0.000
1.017
0.103
0.090
0.000
0.461
0.002
0.000
0.444
0.790
2.429
0.000
0.806
1.039
0.000
0.416
0.010
0.134
0.000
0.871
83.216
0.039
0.000
0.112
0.000
0.000
0.000
0.032
0.047
0.000
0.000
0.000
0.033
0.381
0.000
1.153
0.027
11.051
0.000
2.806
0.410
0.000
0.797
0.000
1.078
0.331
0.000
0.000
1.048
0.000
0.101
0.006
5.294
0.000
0.107
0.000
0.496
0.000
0.313
11.090
2.125
16.433
0.945
0.000
0.266
0.347
4.958
0.000
0.000
0.000
0.000
0.000
0.000
0.069
0.000
0.000
0.295
0.000
0.000
0.000
1.100
3.893
0.650
0.000
0.849
0.000
1.155
0.000
0.051
0.454
2.951
0.263
2.395
0.000
0.972
0.000
11.514
0.278
0.000
67.961
0.000
0.003
0.360
0.516
0.000
0.000
1.276
0.000
0.842
0.568
0.762
1.058
0.026
0.000
0.681
0.016
0.000
4.232
0.000
39.001
0.000
0.000
0.016
2.945
0.000
5.113
0.325
0.000
0.068
0.022
0.018
0.005
0.082
0.118
0.001
0.086
0.000
0.120
0.452
0.212
0.023
0.000
0.522
0.000
18.181
0.000
18.138
0.000
0.467
0.069
1.317
0.000
0.000
14.902
0.000
0.155
0.059
1.202
0.055
0.000
1.311
14.820
1.021
0.000
0.208
1.164
2.158
0.536
0.000
0.000
0.000
0.130
1.087
2.993
0.000
0.000
17.042
0.000
0.080
28.255
0.013
0.000
0.769
0.009
0.000
0.000
0.302
0.000
0.274
0.719
0.000
0.295
0.000
0.471
4.218
0.074
0.349
0.242
0.000
0.000
0.000
17.275
1.282
0.332
0.685
0.036
1.011
1.204
1.147
0.000
0.332
0.391
0.004
0.000
1.897
0.193
0.000
0.000
0.000
0.055
0.525
0.187
0.010
17.010
0.000
0.000
0.000
0.409
9.432
5.405
0.020
0.305
0.000
0.048
8.249
0.000
0.000
0.473
0.000
0.000
0.255
1.574
1.703
16.339
0.051
0.160
0.210
0.003
5.693
0.003
2.164
0.036
8.423
0.043
0.000
7.703
0.000
0.000
0.009
0.242
0.000
0.002
0.788
0.000
0.000
0.000
0.037
2.100
0.000
0.131
0.067
0.012
0.001
2.953
7.919
9.300
0.000
0.000
0.246
0.321
0.503
0.000
0.623
0.000
0.000
0.000
0.000
0.075
0.000
0.000
0.216
0.556
0.000
0.496
0.014
0.000
0.000
22.487
0.016
4.929
0.052
18.267
0.092
0.000
0.181
0.000
0.000
0.000
0.042
1.855
0.000
27.959
0.191
0.164
0.054
0.000
0.994
0.499
0.130
0.226
16.048
0.000
0.000
0.000
0.000
0.963
175.932
0.000
23.539
2.712
0.000
1.078
5.360
0.000
0.000
0.000
0.000
0.000
0.000
0.095
0.000
0.084
1.120
2.609
0.000
8.829
0.928
0.030
0.289
0.088
0.011
0.009
0.000
0.000
0.060
0.000
0.260
0.000
0.000
0.000
0.000
0.000
0.000
0.000
3.608
1.331
0.000
0.117
0.129
3.914
0.104
0.000
0.000
0.021
0.177
0.000
0.240
0.000
0.000
0.000
5.707
0.000
16.950
0.000
0.000
0.073
0.013
0.000
0.000
0.030
0.000
0.000
0.000
16.930
0.000
0.000
0.037
0.656
0.946
0.000
0.003
0.773
15.981
0.000
10.639
0.028
0.000
0.829
0.000
0.000
0.043
66.883
0.107
0.000
0.000
0.009
5.092
2.262
0.000
0.000
0.000
0.377
0.000
0.000
1.642
0.579
0.000
0.000
32.487
0.000
0.144
0.000
0.175
0.000
0.000
30.449
0.627
0.285
0.000
0.315
0.250
0.093
2.970
0.230
5.466
0.000
0.000
0.000
0.000
0.680
0.000
0.000
0.000
1.201
1.472
0.000
290.173
0.308
3.290
3.717
0.392
0.000
0.000
1.868
4.031
1.051
2.061
0.000
0.000
0.000
0.152
0.061
0.096
0.197
0.110
0.476
0.061
23.997
0.139
0.000
0.000
0.788
0.011
0.000
1.260
0.695
0.296
0.565
0.880
0.000
12.685
0.000
0.021
0.000
0.008
0.142
11.297
0.000
7.348
1.141
1.573
0.617
0.000
1.047
0.000
0.000
62.885
0.013
0.000
0.266
0.079
0.034
0.059
0.013
6.981
0.000
1.818
0.000
29.319
0.000
0.266
0.385
0.000
0.040
0.046
0.000
0.000
0.000
0.941
4.211
0.049
3.448
0.000
0.109
1.710
35.522
0.000
0.000
0.000
0.136
0.000
0.054
0.014
0.114
63.421
5.290
0.258
0.000
0.758
0.052
0.000
0.000
0.028
36.659
0.000
0.006
15.358
1.358
0.000
0.191
4.566
0.036
0.143
0.067
0.020
1.871
8.532
0.000
0.000
0.000
148.591
0.000
0.780
4.115
1.885
0.002
0.148
9.726
0.000
2.688
1.304
0.000
0.595
0.170
0.233
0.000
0.000
0.052
0.001
0.000
0.218
0.082
0.319
0.000
1.032
0.000
0.131
0.000
0.007
0.052
0.117
0.000
11.694
0.000
0.081
0.402
0.000
4.802
0.039
0.083
0.460
0.449
0.003
7.769
0.000
0.692
0.040
2.320
4.883
0.457
8.575
1.404
2.754
0.015
0.000
0.015
1.073
5.385
0.145
6.873
16.345
3.016
0.000
1.600
0.000
0.000
0.000
0.027
0.266
0.000
3.489
0.000
1.783
0.000
0.000
0.000
0.135
15.704
0.000
0.469
0.976
0.044
0.135
0.000
42.108
4.224
0.173
0.045
0.062
0.061
0.006
0.207
0.024
1.152
0.021
0.000
0.582
0.000
0.000
0.000
51.317
0.000
0.029
0.000
15.339
0.005
0.000
0.060
32.712
0.018
0.000
0.000
0.081
0.096
0.251
0.000
2.444
4.021
0.886
0.000
0.000
0.000
0.098
5.578
0.459
0.000
0.634
0.620
0.000
12.284
2.950
0.007
0.281
4.668
0.000
0.000
0.817
0.000
0.000
0.000
0.000
0.000
1.556
0.021
0.116
0.000
0.048
0.270
0.000
0.332
0.095
0.004
0.145
0.009
0.000
0.054
0.000
0.090
0.991
0.000
0.053
5.159
9.589
0.004
0.073
7.669
0.000
0.151
0.000
0.827
0.090
1.496
0.169
6.426
0.000
0.000
0.000
0.111
22.175
0.015
8.889
0.000
0.000
0.020
0.107
0.050
0.000
2.266
9.408
0.000
0.428
0.054
0.000
0.178
0.012
0.218
0.000
0.028
5.997
1.836
0.000
0.000
0.088
0.000
0.000
0.259
0.000
0.000
2.016
0.000
0.007
14.696
13.037
0.000
0.013
0.003
0.006
0.981
0.000
0.000
1.355
0.000
0.000
0.222
0.000
0.000
0.147
0.000
0.000
2.783
0.000
26.890
0.462
0.002
0.240
0.000
0.000
0.000
0.408
0.332
1.484
1.089
1.078
0.012
0.336
0.254
0.000
0.000
0.008
0.023
0.000
6.553
3.362
0.314
0.000
1.830
0.037
0.295
0.000
4.889
0.184
0.081
0.000
0.000
0.122
0.000
0.001
0.829
0.000
0.036
1.866
0.000
1.290
0.021
0.000
0.000
6.351
0.012
0.635
0.000
0.000
11.735
0.068
3.237
0.000
0.967
0.000
0.000
0.242
3.333
0.000
0.000
2.024
0.000
0.405
0.000
3.084
1.747
0.957
0.000
1.770
0.000
0.050
0.434
0.000
0.361
0.070
0.919
0.992
3.714
1.651
0.000
0.246
0.012
0.288
2.542
0.000
2.610
1.908
0.000
0.000
0.007
0.000
0.002
0.136
0.075
0.000
0.000
0.000
0.000
0.130
0.000
0.032
0.740
0.000
1.346
1.069
2.139
0.343
0.345
0.000
3.509
0.130
2.325
0.000
1.663
0.000
0.000
0.000
0.862
0.559
3.072
0.029
0.029
4.735
0.000
0.020
4.344
1.802
0.002
1.602
3.299
0.000
0.000
3.870
0.440
0.000
0.092
0.015
0.034
1.370
0.000
12.289
5.983
1.458
7.808
1.716
0.675
0.030
0.000
0.000
0.515
0.000
0.265
0.592
0.000
0.076
0.000
0.000
0.534
0.724
0.000
0.000
10.931
0.000
0.000
0.000
0.009
0.000
0.018
0.000
0.000
0.007
0.000
0.000
2.881
0.100
5.165
0.003
0.079
0.000
0.314
0.236
0.123
0.069
0.000
0.059
0.000
0.000
0.007
0.000
0.000
0.243
0.009
0.000
0.051
2.466
1.073
0.037
0.000
0.000
0.000
0.405
0.000
0.580
0.000
0.000
0.000
0.000
0.000
0.000
6.936
0.000
2.205
0.000
0.000
0.011
0.202
0.000
1.377
0.000
2.027
0.006
0.000
1.181
0.048
0.000
0.988
0.000
0.000
0.010
0.000
0.591
0.277
0.000
1.584
0.000
21.480
0.164
0.153
0.000
2.478
2.868
1.090
0.000
0.000
0.033
1.156
0.106
0.031
0.000
0.904
0.180
0.000
0.000
0.017
0.000
0.088
0.000
4.317
0.021
0.919
0.024
0.000
0.000
0.000
0.000
0.058
0.000
2.476
8.398
0.291
0.000
43.914
0.100
0.548
0.000
0.000
2.550
5.349
0.000
0.111
0.000
5.282
0.076
0.049
2.029
65.783
0.000
0.918
0.205
0.448
3.777
0.000
0.694
0.032
0.380
0.000
0.081
0.000
0.084
0.000
0.000
0.766
0.000
3.522
0.544
5.612
4.800
2.605
37.658
0.274
0.183
1.325
0.000
0.030
9.329
7.035
0.272
0.030
0.000
4.220
0.365
0.000
0.000
3.690
12.338
0.051
9.053
0.000
0.197
0.031
0.000
1.702
0.253
0.010
0.024
0.075
0.109
0.000
0.773
0.715
0.340
2.058
0.163
0.272
0.467
0.000
0.000
0.504
2.716
0.142
0.183
27.517
0.026
0.000
0.000
0.000
10.587
4.351
0.300
0.000
9.450
1.181
0.000
0.010
0.032
0.000
8.960
8.286
0.000
0.173
0.000
0.057
0.327
3.805
0.001
1.316
1.211
14.115
0.028
2.789
0.078
0.032
8.979
0.000
0.055
0.045
0.000
0.000
0.493
0.815
0.000
0.000
0.000
0.104
0.184
0.495
0.059
0.376
1.896
7.166
9.822
0.000
7.782
0.000
1.751
2.772
0.000
0.000
0.049
0.380
5.172
0.221
0.913
0.000
0.027
1.872
1.455
0.213
63.669
0.000
0.025
0.000
0.887
0.000
0.142
15.894
0.835
0.000
0.005
0.000
0.000
0.274
0.094
0.259
0.009
28.949
1.615
0.000
3.365
0.000
10.448
0.160
0.163
0.000
0.000
0.775
1.117
0.011
3.589
1.381
3.115
0.272
0.100
11.465
1.183
1.105
16.707
0.234
0.045
6.408
0.076
0.067
0.000
5.751
0.033
0.000
0.008
0.124
0.126
0.888
0.000
1.450
0.942
0.003
0.000
0.411
2.864
0.609
0.000
0.081
0.603
0.108
1.332
0.157
0.000
0.000
0.000
0.392
0.223
0.118
0.000
0.357
0.870
2.126
0.654
0.112
0.000
0.684
0.096
0.245
0.280
6.804
20.289
0.025
0.035
1.869
0.078
8.105
0.029
0.063
0.654
0.009
0.125
0.000
0.224
45.693
0.020
0.000
0.024
0.947
0.858
0.000
0.000
2.304
3.928
13.533
0.093
0.935
1.919
8.499
0.000
0.000
0.005
23.603
0.000
0.795
0.058
0.000
0.065
0.000
0.000
0.514
0.000
0.000
192.409
0.000
0.159
0.127
0.000
0.000
0.000
0.057
0.000
0.000
2.275
0.141
0.211
1.158
0.260
1.788
0.509
0.543
0.087
2.154
0.299
0.014
0.000
0.230
0.000
0.366
0.267
5.130
0.002
0.000
0.991
6.368
0.102
0.435
0.591
0.007
0.414
0.046
0.774
0.418
0.015
17.971
33.552
0.251
0.192
0.360
0.000
65.591
0.013
2.123
0.958
0.607
10.505
0.091
2.363
0.583
3.509
0.069
0.010
2.289
4.424
0.016
31.364
0.000
0.889
0.770
0.113
0.258
8.431
4.623
0.000
0.023
0.126
0.026
2.650
0.392
0.000
4.653
0.000
1.115
0.023
4.521
0.000
14.788
0.224
0.000
0.059
0.019
2.015
0.700
0.000
0.034
4.774
0.337
3.562
0.000
4.388
2.355
0.116
0.145
0.676
0.000
0.011
0.000
0.209
0.046
3.075
0.000
0.006
0.000
0.016
0.000
0.000
0.113
4.339
0.109
0.023
0.000
2.123
13.980
0.495
0.340
0.000
0.000
0.751
2.348
0.124
0.011
0.691
0.110
0.007
0.080
0.037
0.123
2.230
0.483
0.080
8.536
0.086
0.753
0.000
0.926
0.351
1.803
2.855
0.157
0.000
0.130
1.627
0.290
0.349
5.322
4.917
3.805
0.225
22.628
2.329
0.206
0.000
1.259
1.094
0.068
0.024
0.001
0.051
0.187
0.199
0.030
3.151
1.172
0.022
0.003
2.214
4.842
0.122
0.144
0.000
18.812
0.169
0.000
0.182
0.155
0.362
0.000
0.498
1.065
0.071
5.440
1.130
0.138
0.064
0.000
0.000
0.342
5.848
0.000
0.000
2.668
0.142
3.629
31.035
0.349
1.964
21.204
8.672
0.463
0.000
0.215
139.558
18.138
0.247
0.924
0.427
21.782
0.000
0.697
0.000
26.382
0.000
0.000
4.288
7.771
5.359
0.550
1.435
0.052
1.766
0.000
0.000
4.395
0.482
0.363
0.000
0.000
0.025
1.010
7.775
0.044
0.000
0.537
0.000
0.247
1.407
96.239
0.000
0.105
9.625
1.259
4.900
0.204
14.730
0.008
1.198
0.301
0.516
0.094
0.585
0.219
0.000
2.016
0.426
0.042
0.118
1.329
4.592
2.927
0.245
0.000
0.200
8.610
0.086
0.022
1.332
25.191
0.000
0.089
0.249
0.059
0.174
3.633
12.519
0.962
1.051
3.068
3.506
0.429
3.612
0.122
0.163
3.931
0.014
2.273
0.075
5.160
0.732
0.720
4.211
0.000
0.289
1.421
3.750
8.828
0.000
1.305
0.698
0.008
0.508
0.617
0.440
0.001
0.130
0.608
0.034
0.135
1.783
2.920
60.309
0.174
3.597
2.373
2.361
16.022
0.031
0.072
0.895
19.375
0.015
0.144
1.792
0.000
14.411
0.030
3.160
0.487
0.678
1.575
4.405
5.902
0.868
0.794
4.036
0.169
0.283
2.836
1.364
0.000
0.052
0.000
0.000
0.010
0.006
2.293
0.000
0.321
0.373
0.052
0.920
5.438
0.588
0.000
0.000
0.000
0.086
0.000
0.348
0.288
0.251
0.157
0.105
0.000
8.114
0.329
1.071
0.000
0.057
1.419
155.591
1.368
1.214
12.081
0.001
0.349
1.131
0.021
40.152
0.678
0.039
1.000
1.035
13.704
1.547
0.327
9.355
0.992
0.000
0.063
0.796
0.006
0.000
0.000
0.328
0.635
0.000
1.637
21.707
0.969
0.525
0.251
1.191
0.019
0.064
7.857
0.217
9.830
0.001
0.000
0.709
0.678
0.023
2.899
0.000
0.048
0.430
26.359
0.043
0.000
0.000
0.333
0.180
0.319
0.000
0.528
0.005
0.009
0.394
19.578
0.019
1.897
0.462
0.145
1.457
0.000
0.985
0.000
25.214
0.000
0.000
0.000
0.331
0.030
0.480
1.225
0.067
0.009
3.761
0.000
0.000
0.361
0.211
2.653
1.312
0.001
0.000
0.012
0.206
4.060
0.281
3.340
0.920
0.000
0.695
3.710
0.090
0.096
3.189
0.000
0.000
2.919
0.969
10.098
0.000
1.064
7.131
1.005
0.199
16.658
0.002
1.378
0.000
0.148
0.000
0.000
0.000
0.206
1.369
0.303
0.002
75.084
1.085
11.254
0.753
0.083
1.232
10.019
0.010
0.030
0.000
79.339
8.199
0.280
0.000
0.206
6.057
2.518
15.521
0.000
6.885
2.067
0.000
1.602
0.399
0.001
38.292
0.006
0.604
0.266
19.151
1.518
0.084
2.199
1.079
0.035
0.000
0.036
0.000
0.038
0.214
0.373
67.274
1.069
39.287
0.366
4.378
22.689
5.190
4.146
0.020
2.825
0.015
2.964
0.000
0.000
0.457
1.758
8.780
13.969
0.000
0.096
9.268
0.018
41.437
2.279
1.030
0.000
0.635
0.353
0.090
0.029
2.111
0.529
0.411
17.650
0.707
0.046
0.269
0.000
0.130
0.162
1.383
0.511
0.518
0.621
0.681
0.041
0.318
1.051
3.000
0.222
0.003
0.014
1.150
0.293
0.110
2.393
0.000
0.520
0.218
0.000
10.785
1.203
0.281
3.249
0.592
0.000
0.086
0.063
0.774
0.000
4.513
5.973
0.012
17.805
0.012
160.262
0.000
2.811
41.162
3.373
8.404
1.914
0.453
0.068
0.082
7.564
0.000
0.000
0.662
0.812
0.000
2.324
1.650
0.924
0.000
4.574
1.149
0.091
0.208
0.119
1.051
0.097
0.273
0.325
0.000
0.578
0.127
1.108
0.179
0.031
1.758
0.013
0.371
0.000
0.028
2.270
24.513
0.388
0.308
4.092
0.084
0.915
33.136
5.588
0.257
0.082
0.009
1.458
15.310
2.467
0.535
0.076
105.469
0.000
63.413
1.039
1.017
2.103
53.097
3.958
0.066
4.241
0.018
1.223
7.714
0.000
0.686
2.330
0.540
7.051
0.257
2.582
0.561
0.139
27.758
15.226
1.273
1.957
0.000
3.307
0.189
0.223
1.390
10.661
0.000
0.003
0.942
2.649
0.199
0.000
139.107
0.631
0.119
0.027
0.038
0.268
4.732
1.539
0.440
1.061
1.856
5.153
0.614
28.679
0.330
0.000
2.786
25.635
19.016
0.000
0.000
1.570
0.000
9.233
0.128
12.780
0.145
2.751
2.642
0.339
5.039
0.310
0.726
3.589
0.183
0.336
0.959
0.000
2.812
0.061
13.463
0.000
2.391
2.209
0.000
104.622
12.476
3.572
2.275
5.540
0.041
0.000
3.626
0.000
0.636
0.177
0.004
1.003
19.854
0.000
2.131
1.185
1.538
0.283
0.124
1.454
7.799
0.092
0.356
0.068
0.016
0.047
2.319
0.000
0.173
0.447
0.000
0.000
1.910
1.064
0.589
3.879
0.668
0.000
86.449
1.881
9.673
2.112
0.857
24.428
11.979
0.006
1.156
0.088
31.631
29.535
0.578
0.415
0.229
0.186
0.134
0.019
0.028
0.000
1.693
0.858
1.464
20.316
0.186
0.991
0.000
0.018
0.000
2.408
0.026
0.434
0.381
0.945
0.023
0.068
0.002
0.001
3.087
0.000
7.389
0.000
35.204
11.149
32.824
0.082
0.000
10.624
0.974
0.000
0.300
19.158
16.172
0.000
0.000
0.000
5.842
0.011
0.518
0.230
3.065
0.000
0.000
0.258
0.324
0.000
0.000
31.625
6.285
0.467
0.602
0.000
0.120
1.243
0.011
0.064
0.994
0.806
0.307
0.694
0.000
0.000
31.200
12.408
0.023
2.051
0.335
5.017
0.000
0.143
0.125
65.652
0.010
8.265
44.068
13.806
26.828
0.010
54.131
0.000
1.626
1.228
1.121
0.668
3.210
0.157
1.177
2.406
2.165
71.048
1.091
0.053
0.000
1.342
0.000
11.136
0.964
29.595
0.003
0.000
0.097
0.387
2.877
11.188
13.609
0.000
11.570
5.989
2.682
22.914
6.706
11.400
11.760
0.346
1.173
122.475
0.004
0.428
0.056
0.000
0.822
0.682
1.458
17.492
4.408
2.624
12.145
1.071
6.822
0.023
0.000
0.000
0.000
0.000
15.615
24.315
0.047
0.473
0.084
6.067
0.209
224.981
0.185
1.150
0.000
0.594
0.061
2.163
18.702
7.450
0.201
13.202
9.502
8.791
0.693
0.153
1.374
1.492
0.000
1.344
16.233
0.000
0.000
0.000
0.981
0.000
5.793
1.249
0.062
0.346
0.000
0.000
0.097
0.035
5.307
0.140
19.450
0.146
0.000
0.527
1.468
0.319
0.849
0.007
0.003
0.023
1.782
84.246
0.591
1.579
2.548
0.098
5.974
0.129
0.000
44.628
0.004
0.052
5.872
1.189
0.236
0.992
0.716
0.280
46.805
0.000
0.495
0.068
1.718
0.000
0.000
0.820
0.012
0.027
0.000
1.046
3.087
2.236
2.793
0.000
0.000
0.040
0.332
44.078
0.089
0.245
0.000
0.014
0.607
12.572
0.443
0.027
0.547
22.245
0.872
3.114
0.068
0.000
0.125
0.000
0.200
0.063
0.982
10.932
0.000
2.520
1.459
0.060
0.000
19.906
1.887
0.022
0.104
0.166
2.325
0.028
0.682
8.730
0.238
0.000
0.014
0.015
0.255
0.787
0.000
1.071
0.332
0.323
0.054
2.262
4.793
0.000
0.089
0.641
0.839
0.325
3.618
0.440
0.008
0.500
0.675
2.445
21.783
8.674
0.067
2.943
0.000
0.087
0.196
0.020
1.166
9.246
0.088
3.985
0.000
0.000
0.104
204.871
0.000
1.002
0.172
1.045
3.829
0.127
1.339
6.344
1.324
0.687
0.675
7.675
0.122
0.000
0.019
0.010
0.000
0.190
7.523
0.064
0.027
0.000
4.475
5.901
0.368
7.039
0.000
3.277
2.162
1.176
3.246
2.517
0.000
1.983
0.002
0.000
22.568
9.281
17.514
0.505
1.137
0.296
1.066
1.088
66.484
0.026
1.937
0.286
16.045
3.584
1.336
0.020
1.546
0.509
0.039
6.609
0.178
0.113
0.000
0.000
4.414
0.062
0.186
10.827
0.291
0.065
0.105
0.496
24.314
0.185
2.337
0.146
0.531
0.148
0.000
0.000
0.441
0.004
0.019
9.962
4.553
0.375
0.283
0.187
0.000
9.767
0.944
0.043
0.558
1.905
3.082
0.089
1.326
19.559
8.939
2.077
0.389
0.200
0.080
1.815
0.339
0.996
0.002
1.084
0.000
2.217
0.997
0.039
0.021
0.025
106.244
1.543
0.000
0.000
0.000
3.998
2.711
0.414
0.142
1.059
0.631
28.176
0.000
31.136
0.002
1.483
0.200
0.378
0.179
0.454
0.018
0.073
0.746
3.845
0.148
21.161
0.026
0.545
0.362
0.000
0.075
0.175
16.573
20.165
0.023
0.270
0.011
0.000
44.023
0.029
29.492
6.571
0.089
3.935
5.606
3.395
0.000
0.597
0.000
117.123
0.077
0.058
1.829
43.639
1.898
0.017
4.408
8.014
0.790
63.131
0.045
0.000
9.807
2.982
0.385
1.614
2.508
0.000
0.000
0.584
0.000
0.479
6.333
0.000
3.680
4.172
0.000
0.020
0.212
0.934
0.554
0.000
3.269
5.849
0.216
1.232
1.121
0.190
0.000
4.667
0.196
5.630
0.196
0.011
0.000
0.000
0.369
0.143
1.710
6.301
0.000
1.483
0.001
1.185
0.002
0.053
53.682
7.223
0.308
0.041
0.000
0.012
0.500
0.044
6.155
0.200
5.134
1.464
0.000
0.096
1.569
0.000
0.000
3.666
0.000
0.169
10.181
0.000
1.190
0.000
0.384
0.121
0.000
1.263
0.050
0.000
0.034
0.000
24.903
1.306
0.631
0.391
0.000
0.837
0.000
10.879
0.000
15.491
0.083
0.005
1.268
0.422
0.000
0.211
0.094
4.859
0.064
0.346
0.000
0.109
0.854
3.993
6.325
4.565
4.431
0.290
0.135
0.000
22.473
0.003
0.000
0.011
0.264
0.419
1.533
0.111
9.082
0.990
0.000
5.122
0.076
2.710
3.175
1.148
1.194
0.163
0.144
0.327
2.963
209.097
6.818
0.025
0.000
8.579
1.117
0.000
1.664
6.564
0.036
0.000
0.530
8.820
1.284
6.190
6.535
19.802
0.069
0.007
0.034
4.231
0.000
2.478
5.083
0.000
3.479
6.721
0.000
0.000
24.441
0.605
0.290
2.534
0.000
48.495
0.034
2.086
0.418
4.301
0.078
0.022
0.035
0.127
0.006
0.022
23.136
2.456
0.000
0.000
0.609
37.748
60.754
1.368
0.003
0.437
0.000
1.824
0.966
2.124
2.824
1.169
0.026
0.475
2.320
24.100
0.344
0.021
0.795
0.065
92.516
0.105
0.000
0.000
7.102
9.677
5.813
0.176
1.276
4.099
0.864
0.000
7.383
0.280
38.830
105.492
2.666
4.100
0.004
1.045
0.147
2.035
0.464
0.013
0.881
3.493
11.104
112.165
0.594
10.956
0.025
1.166
16.040
0.529
41.332
0.000
0.000
0.000
0.101
0.229
2.488
1.354
0.486
0.237
4.452
0.228
0.465
0.352
0.255
0.095
1.167
0.119
0.144
29.391
0.047
0.059
10.970
0.052
0.000
0.000
5.825
0.066
0.256
0.037
7.082
1.731
0.000
0.120
0.000
3.363
0.096
0.520
0.519
0.005
0.461
0.459
0.908
0.008
1.598
0.993
0.564
0.246
0.481
1.031
6.310
0.026
7.965
0.082
1.107
8.598
0.534
0.427
0.068
5.748
3.364
0.030
0.024
0.044
0.098
3.321
0.000
10.795
2.395
2.394
75.136
0.023
0.019
0.000
0.495
0.147
0.000
1.489
0.000
0.049
6.348
0.000
0.136
0.167
0.047
0.412
0.194
0.055
31.395
1.453
2.052
0.000
6.644
1.180
0.711
6.563
9.573
0.000
0.761
0.009
0.000
0.000
1.642
8.953
4.719
0.469
0.042
70.964
0.146
0.057
0.018
0.061
1.659
0.361
0.000
3.539
0.000
1.280
0.000
7.279
0.023
0.254
10.169
1.455
5.585
0.286
0.353
0.701
0.471
0.000
1.368
21.409
0.000
0.172
6.466
0.050
0.000
0.484
6.286
3.676
0.000
0.036
0.010
0.438
0.000
1.906
0.000
0.000
0.368
0.000
0.000
0.122
2.595
0.053
0.575
0.290
22.631
1.470
2.083
33.616
4.361
0.000
0.037
0.217
3.244
0.018
0.372
1.664
0.052
0.106
24.216
0.617
0.029
3.347
0.289
0.995
0.010
1.843
0.000
0.195
0.356
0.250
1.006
0.004
0.059
3.769
0.000
5.334
1.369
0.086
0.811
0.091
28.037
0.959
0.093
0.132
0.000
1.361
0.368
0.584
0.968
0.000
0.947
4.824
3.988
1.585
5.282
1.197
0.127
0.000
0.000
2.459
0.000
0.306
13.546
2.210
42.561
20.023
0.657
0.000
0.000
0.356
0.000
0.276
0.000
3.607
0.029
71.372
0.000
14.340
0.754
0.469
15.267
7.189
0.822
0.924
0.013
0.069
1.465
1.394
0.510
1.610
0.539
0.779
0.012
0.024
3.239
0.078
44.577
0.415
0.942
3.682
12.861
0.000
0.967
1.101
2.089
0.097
28.872
0.262
0.003
1.830
0.255
0.024
1.992
3.895
1.074
0.349
2.285
34.670
4.190
0.000
8.728
0.277
12.622
0.474
6.652
0.618
0.000
0.130
0.271
1.291
0.731
2.617
0.000
0.228
1.114
0.296
2.272
0.422
0.009
3.952
21.104
0.000
0.674
0.000
0.000
0.235
0.362
0.796
0.261
6.222
0.005
1.152
0.452
0.084
1.554
0.686
0.550
1.271
0.014
0.263
0.987
0.040
1.114
0.000
0.365
0.000
17.116
0.814
1.012
4.153
22.395
0.979
1.602
1.122
1.256
1.261
0.034
0.000
0.002
0.032
5.333
0.000
21.440
0.000
45.491
31.169
1.583
1.973
0.423
33.531
0.000
0.023
0.000
3.043
0.071
0.000
0.000
0.436
10.400
9.903
0.964
4.570
0.461
0.025
5.408
0.034
7.868
0.540
0.021
1.027
4.772
0.909
0.000
0.472
0.407
4.142
1.165
15.461
0.661
0.068
0.000
63.258
0.079
0.000
0.000
2.813
0.040
4.946
0.000
0.904
0.307
0.343
3.017
1.184
0.000
10.170
0.000
0.381
1.690
0.000
0.000
0.081
4.145
0.011
2.014
0.298
0.310
9.845
11.538
56.161
3.810
0.056
40.689
0.028
0.005
0.288
5.676
0.079
0.108
3.486
0.096
8.306
24.054
7.925
0.010
3.622
0.951
0.326
9.699
0.914
0.184
0.512
2.906
0.000
10.702
3.790
0.120
1.258
0.059
5.089
0.286
0.125
0.921
1.358
7.389
17.461
0.709
2.138
0.000
0.333
1.082
23.390
0.020
0.898
0.705
1.728
1.229
0.002
0.054
0.086
0.660
1.192
0.000
3.057
0.000
3.643
0.823
3.123
0.000
0.081
0.031
5.003
27.532
0.405
0.000
0.037
0.000
0.383
2.564
4.093
0.004
1.294
0.801
0.000
0.169
6.076
7.486
0.000
1.472
3.997
0.267
0.185
0.058
0.302
0.061
0.102
0.419
19.479
11.370
4.272
10.845
1.280
1.561
0.744
0.753
1.099
0.023
2.183
2.320
0.436
112.821
0.306
0.618
0.363
0.071
0.019
4.446
8.770
53.438
0.000
0.006
0.000
0.628
0.026
0.000
0.000
0.291
0.042
24.094
0.052
1.412
0.000
0.028
4.264
1.051
0.089
30.179
0.247
1.283
0.582
0.017
0.554
0.000
8.689
0.053
3.539
0.766
1.510
0.048
1.607
0.000
1.619
7.153
0.008
0.154
0.000
7.997
0.286
0.374
0.007
0.006
0.011
0.849
0.000
0.000
1.180
0.000
0.000
3.127
0.279
0.168
4.897
0.944
0.000
0.051
0.000
0.000
0.034
0.209
0.226
3.144
0.175
1.419
0.874
56.098
5.080
0.251
0.219
5.634
0.229
27.474
0.000
14.071
0.000
0.007
1.349
0.000
0.381
39.122
1.805
0.281
0.168
2.043
0.321
4.839
13.318
0.409
1.301
0.049
1.264
0.541
8.293
1.528
0.022
0.008
4.062
1.980
0.245
0.040
0.380
1.348
0.000
0.722
14.915
0.000
1.035
0.000
0.304
0.000
0.581
4.310
3.270
1.501
0.231
2.800
0.011
0.034
0.000
0.786
1.740
0.089
22.113
0.157
0.000
10.652
0.397
0.000
1.172
1.606
0.021
1.963
0.011
6.177
0.001
1.946
0.536
0.746
0.414
101.413
65.467
4.320
0.864
2.649
1.071
2.947
0.748
1.477
0.286
85.494
0.000
1.084
11.610
0.166
3.308
1.092
0.326
0.000
0.105
0.721
4.973
0.427
3.573
0.041
0.002
0.104
1.597
0.872
0.358
0.574
0.804
0.000
2.569
1.509
0.021
1.727
0.006
0.590
2.387
0.000
1.498
0.000
0.019
0.815
3.744
2.655
2.371
0.039
1.415
0.035
0.568
0.505
0.555
0.011
0.153
3.531
0.000
0.911
3.853
0.000
0.007
4.870
0.176
22.243
5.420
21.872
0.154
0.000
1.371
0.228
8.410
3.403
0.057
0.000
0.000
19.244
0.260
0.572
1.338
3.419
0.230
0.000
1.415
0.244
0.000
0.074
0.000
3.662
0.039
50.083
0.125
2.448
1.246
0.590
0.205
0.292
0.000
0.305
24.178
0.179
0.103
2.040
0.341
1.632
0.030
0.042
0.160
0.061
1.261
0.015
0.000
0.000
0.000
1.325
0.490
5.863
0.971
0.009
4.880
2.658
4.378
1.036
3.770
0.405
3.956
0.012
4.223
0.215
2.069
0.000
2.208
0.239
0.000
0.202
0.000
0.000
23.437
0.002
0.264
5.899
0.710
0.029
7.455
0.448
2.728
0.018
6.771
0.044
0.524
0.137
0.166
0.006
0.000
0.212
0.072
2.158
0.184
0.000
0.030
0.442
4.350
0.226
0.593
1.127
2.729
0.328
0.000
0.109
0.000
0.417
0.261
3.670
0.000
0.134
0.072
0.000
0.138
0.707
0.000
3.553
0.000
12.560
0.435
0.000
0.008
0.002
1.115
2.423
0.000
1.643
4.805
0.356
0.147
0.104
0.017
0.822
0.138
0.014
0.112
0.827
0.001
5.909
0.236
0.844
41.612
0.000
0.778
5.461
0.000
0.640
0.618
1.538
0.046
0.036
0.014
0.076
1.019
0.032
0.238
0.647
105.962
0.000
4.080
1.932
0.005
0.020
0.867
0.000
0.082
0.038
0.970
0.000
0.028
0.521
0.058
0.054
6.179
8.000
0.084
0.020
0.123
22.826
50.821
0.086
2.362
0.366
0.007
0.005
1.354
19.052
0.000
0.144
7.377
0.530
0.953
0.089
4.704
2.003
0.602
10.354
8.122
5.095
5.479
1.021
1.850
0.005
1.196
0.000
0.070
0.165
0.204
13.363
125.195
3.656
0.629
25.604
1.218
0.071
0.000
17.179
45.641
0.544
3.304
3.264
2.793
7.309
0.194
1.054
0.104
0.261
0.173
0.403
7.250
0.000
0.000
0.000
0.059
0.565
0.009
2.675
1.922
0.187
1.506
0.000
0.000
0.964
0.403
0.872
2.761
1.553
0.648
1.254
1.031
5.838
0.000
0.848
1.105
4.014
0.594
0.100
1.064
0.124
2.090
0.805
0.101
0.000
2.453
2.465
0.013
1.221
0.018
56.790
0.142
1.096
0.000
0.019
3.138
0.528
0.587
3.318
1.351
0.787
0.293
1.930
0.000
0.126
2.551
5.235
0.012
12.060
0.705
0.045
1.169
0.000
0.148
0.046
3.192
11.495
4.226
4.577
1.098
0.449
5.292
0.103
4.994
11.473
0.146
0.000
1.089
0.000
10.820
8.549
0.025
0.976
6.654
2.928
21.569
0.052
1.397
5.274
5.986
0.768
1.607
23.018
1.117
0.071
2.295
0.000
1.034
0.068
9.282
8.605
1.060
1.018
2.071
0.003
0.000
2.829
0.000
4.771
2.320
0.443
0.004
0.103
0.570
0.000
0.000
0.000
0.253
1.151
0.923
2.717
1.904
5.224
0.000
0.000
7.654
0.197
0.172
0.860
7.509
0.512
0.102
5.966
0.058
0.309
0.040
0.211
0.115
0.714
11.220
0.028
0.668
0.000
0.097
50.663
0.465
17.548
0.972
0.000
0.000
0.270
10.573
0.319
1.668
0.679
0.316
0.017
0.182
1.196
0.115
0.146
0.038
84.575
0.760
1.385
0.203
2.957
0.000
0.000
0.001
1.257
0.000
0.267
0.000
0.241
0.029
1.180
0.132
1.580
7.391
2.149
0.458
0.000
4.410
41.869
0.156
2.379
0.100
8.506
1.982
0.163
0.000
0.029
0.719
0.014
0.852
0.120
1.228
1.492
0.621
0.655
4.673
6.494
4.598
1.000
0.099
0.525
0.000
1.099
66.221
1.977
1.131
0.000
0.000
3.773
0.403
0.377
0.059
0.174
0.000
38.470
1.982
6.382
0.327
0.014
0.268
0.000
0.824
1.644
0.000
0.005
4.306
0.351
0.192
0.187
2.142
0.023
16.598
0.012
0.731
0.036
79.014
4.247
20.785
0.426
0.019
0.002
4.130
0.006
0.309
0.342
0.000
1.712
0.004
0.000
0.000
4.799
0.397
0.000
2.611
0.456
0.000
0.131
0.688
0.814
1.147
0.157
1.704
0.000
0.012
1.605
0.170
17.237
0.186
0.810
10.796
2.511
0.107
0.000
10.549
0.110
0.000
0.000
0.358
0.000
0.051
3.391
0.031
17.324
13.123
0.108
7.072
0.754
0.043
0.109
0.013
0.000
4.049
0.000
5.898
0.666
7.766
163.109
0.040
20.708
0.053
42.709
0.000
22.615
1.698
0.310
0.286
0.001
2.822
1.027
0.000
81.438
0.147
0.265
6.675
0.005
0.000
0.000
2.191
0.065
2.248
1.232
1.213
2.107
0.142
0.409
0.118
28.013
4.312
1.121
0.658
0.179
8.146
2.231
0.000
0.205
0.437
1.387
0.531
0.044
0.116
0.078
4.350
0.306
18.278
5.846
3.156
3.869
0.031
0.568
3.439
2.557
0.000
3.739
0.056
2.481
53.349
0.000
11.627
0.101
0.610
22.009
0.031
5.434
0.684
0.924
0.619
0.000
1.687
0.183
0.083
0.167
6.734
38.287
10.232
0.194
0.218
3.046
0.017
0.675
0.109
3.240
0.504
0.000
0.000
0.118
0.332
0.108
9.155
2.922
3.826
0.573
0.794
0.040
1.144
0.413
0.263
3.859
20.084
0.000
2.605
1.078
0.677
2.253
0.171
0.000
0.451
0.931
3.043
9.442
18.595
3.259
0.566
4.367
0.071
2.772
0.010
0.022
0.000
0.034
2.670
0.115
1.708
0.000
3.634
0.667
0.025
6.905
10.765
18.794
6.392
1.014
1.556
0.955
1.796
8.024
0.108
0.259
1.030
0.083
2.464
0.593
3.041
1.047
0.027
0.315
0.000
0.022
2.049
0.060
0.672
0.000
0.099
0.840
0.000
36.102
10.059
0.087
2.342
0.005
5.688
0.425
0.453
0.424
0.000
2.173
3.412
0.472
0.763
7.378
0.417
0.027
1.270
0.167
0.161
0.000
0.769
39.514
0.839
0.000
74.325
5.694
2.645
0.013
0.177
0.000
5.816
0.710
148.527
2.616
0.421
0.000
0.998
0.578
0.366
0.401
3.757
0.004
0.119
0.000
0.000
1.193
0.299
0.424
0.688
0.402
0.087
0.033
0.378
0.567
0.050
0.107
0.777
0.092
0.140
1.353
0.000
0.089
0.010
2.987
0.000
15.706
0.000
6.139
3.427
6.982
0.055
14.646
1.829
0.056
0.407
1.799
0.443
4.390
1.546
1.261
3.251
19.667
0.295
9.227
1.547
47.580
1.011
2.869
0.000
4.444
0.642
0.000
0.029
0.004
0.000
78.290
0.230
2.078
0.000
11.108
1.224
0.094
0.034
0.082
0.860
1.301
3.142
1.323
0.489
43.838
0.264
0.107
2.284
0.084
0.000
0.000
0.118
0.059
0.082
1.336
0.125
0.107
1.857
0.102
0.213
3.803
0.143
0.682
0.205
0.171
1.017
1.407
0.713
0.000
0.963
0.000
0.000
0.014
0.369
0.151
18.352
1.169
0.000
0.468
0.931
13.836
0.085
0.407
0.000
0.182
0.751
1.514
0.332
0.000
0.000
0.478
0.112
3.327
0.017
0.225
2.333
0.127
0.072
1.095
0.730
0.328
1.077
0.166
1.963
0.382
0.508
0.944
0.446
3.831
0.083
0.592
0.094
1.872
3.875
7.984
0.145
3.780
0.000
0.000
0.000
0.030
0.330
0.910
0.158
2.005
0.000
0.795
0.000
6.308
16.045
0.017
0.238
14.614
3.744
0.712
0.000
0.022
4.919
0.000
2.352
0.247
0.399
6.363
0.087
0.110
3.078
0.078
4.618
0.412
1.526
1.506
0.117
0.008
1.897
0.000
0.000
3.904
0.503
1.000
0.000
0.424
14.531
0.014
0.000
0.596
0.000
0.487
0.047
0.000
0.884
14.418
8.559
45.832
0.507
0.000
0.000
0.023
1.795
0.018
17.220
0.033
0.000
5.830
0.237
0.773
0.715
0.458
2.015
3.341
0.061
2.629
2.637
0.000
0.833
0.000
0.496
0.000
20.341
3.167
0.094
3.374
2.861
0.065
0.804
2.358
0.602
6.596
4.190
0.025
4.985
4.674
1.516
0.000
0.000
0.263
2.010
0.269
5.122
6.350
4.463
0.038
0.569
1.689
0.583
17.948
0.064
0.543
0.527
4.795
9.221
0.696
14.688
1.174
0.036
0.550
0.008
49.850
12.172
15.045
0.322
2.262
14.525
0.000
10.541
0.071
0.293
0.855
2.636
0.637
2.608
0.000
1.203
0.124
0.574
0.043
0.029
0.008
0.049
0.715
0.281
0.613
0.500
4.517
0.400
0.000
0.000
6.061
3.608
3.615
0.043
3.246
0.023
0.000
0.000
3.366
0.007
0.013
0.321
0.840
0.240
4.993
17.285
0.675
17.452
108.156
0.042
0.047
5.026
0.228
0.000
4.483
4.004
0.317
0.000
1.164
0.004
0.253
0.032
0.145
0.992
2.876
11.746
55.290
0.120
0.039
0.000
0.030
0.000
0.205
0.000
12.756
0.281
0.603
1.687
0.238
0.064
6.246
0.105
1.408
10.129
0.000
0.022
3.870
0.000
0.034
9.535
0.728
0.750
0.000
13.401
0.032
11.504
2.794
0.266
1.700
0.280
7.428
1.932
0.344
0.024
0.082
1.173
0.000
0.003
1.054
0.009
21.853
0.570
3.574
1.353
14.005
2.305
7.667
0.000
0.000
0.059
6.271
19.323
0.935
0.000
1.510
0.042
0.017
5.768
1.469
2.763
0.000
32.312
2.700
0.856
0.190
9.896
14.023
0.000
0.040
0.051
0.484
1.089
0.000
0.003
1.282
0.059
2.813
2.230
8.030
0.655
0.202
9.477
3.724
0.736
0.018
32.212
0.153
0.056
0.457
0.169
0.438
20.496
0.000
0.000
2.092
1.594
0.000
174.486
7.886
0.016
1.214
2.904
0.000
0.664
0.557
0.000
50.951
18.423
2.030
2.660
0.164
0.000
0.341
0.183
0.047
0.982
0.716
0.000
3.202
1.507
0.016
0.610
0.827
0.650
6.321
1.591
3.443
1.672
0.129
0.024
0.985
3.644
2.819
1.800
1.858
1.795
10.351
8.870
0.974
0.000
0.244
77.563
0.904
3.305
43.386
0.205
0.035
0.777
0.032
0.310
0.000
4.649
0.026
0.139
0.052
0.000
0.016
0.554
0.741
2.430
0.162
0.847
10.103
0.000
0.753
2.665
0.000
5.679
1.447
1.544
13.209
0.018
3.403
19.959
0.019
18.794
0.824
2.117
0.000
8.754
1.213
0.434
0.023
80.363
0.260
0.748
0.000
3.611
0.040
5.744
0.567
0.088
2.333
0.019
0.435
0.046
1.031
4.525
0.013
0.114
0.718
1.360
0.022
1.447
0.228
0.054
1.005
0.666
0.637
0.019
0.143
20.836
0.298
0.753
3.314
0.000
0.472
2.276
64.201
0.071
0.000
3.339
0.000
0.820
0.017
0.829
0.280
0.000
1.974
6.620
2.393
0.000
0.624
0.075
0.632
0.379
0.000
1.622
0.100
0.273
7.032
0.121
0.081
0.000
0.000
2.165
0.745
9.619
0.016
0.162
2.788
0.093
0.055
4.996
0.625
0.916
0.110
0.000
1.044
0.207
0.010
1.238
4.010
1.929
13.232
1.437
0.000
1.179
1.682
11.221
0.271
6.030
223.464
0.137
0.000
0.000
85.932
0.375
0.022
14.560
23.675
1.088
0.488
0.107
0.739
0.153
2.555
0.179
0.512
8.895
5.230
0.581
14.249
0.582
2.158
1.688
0.105
49.944
0.297
0.793
0.000
0.986
0.896
108.949
1.747
0.000
0.360
0.257
0.000
34.574
6.121
0.000
7.884
3.436
2.231
7.405
6.684
0.001
0.135
20.160
0.000
1.092
0.000
0.171
0.000
2.656
0.015
0.062
0.994
1.032
5.429
0.000
0.061
3.411
0.001
1.327
0.100
0.000
40.443
0.008
16.790
0.026
5.516
1.022
0.279
2.011
0.000
0.007
0.924
1.291
0.000
0.246
0.258
13.422
2.251
0.000
0.413
8.041
1.481
0.000
0.000
0.319
17.403
41.947
4.155
6.243
5.587
7.097
0.427
16.057
0.000
2.242
4.174
0.047
0.010
2.023
0.376
0.075
1.260
0.020
0.314
25.465
0.936
0.914
0.098
0.000
4.673
16.813
0.004
1.335
1.419
0.374
0.841
0.000
0.092
0.763
0.213
0.149
0.461
0.028
0.391
0.748
0.445
4.732
1.102
0.150
0.626
0.000
4.682
0.312
1.628
2.076
0.001
0.540
2.381
0.373
1.015
0.228
6.925
14.958
4.943
0.091
0.000
0.353
0.957
1.355
0.000
0.055
0.570
0.657
0.000
1.035
0.004
0.642
23.028
0.022
0.206
0.000
0.116
0.254
0.144
3.927
0.515
0.004
2.443
0.000
0.037
0.037
6.236
3.847
5.463
0.000
0.596
0.197
0.032
0.000
131.511
0.286
4.629
0.119
0.231
1.187
0.606
0.014
0.178
0.957
0.818
0.964
25.124
8.510
234.831
1.886
1.154
0.000
2.692
1.888
0.579
4.766
0.136
3.138
0.000
0.000
0.000
0.073
1.297
1.531
0.098
31.290
0.151
10.800
0.100
0.249
3.390
0.317
0.006
0.302
2.576
0.187
0.180
0.374
1.747
0.048
3.675
0.066
1.187
0.199
0.853
0.000
2.252
0.158
3.113
1.907
0.009
0.266
2.090
0.540
0.068
23.478
0.068
0.182
16.440
0.847
3.077
0.761
16.182
0.776
0.725
10.221
0.000
1.320
0.159
0.247
0.000
0.804
0.000
0.000
0.990
0.116
1.660
0.000
0.172
2.977
0.238
0.000
8.459
0.440
0.001
0.823
1.177
0.000
0.079
0.000
41.086
0.611
0.076
3.545
0.581
0.000
1.754
0.760
0.645
0.020
0.000
0.000
0.323
0.034
0.047
0.000
113.889
2.136
0.000
0.346
0.000
0.175
0.094
59.416
0.065
15.049
0.013
0.000
2.368
0.000
0.118
19.776
0.000
0.245
0.362
20.008
0.009
1.835
0.000
1.174
1.297
0.148
0.115
1.614
0.063
0.000
1.954
2.223
1.816
19.157
18.810
4.687
0.044
0.000
0.003
0.413
0.000
1.084
0.000
0.755
2.104
1.357
0.000
0.048
1.476
1.525
0.172
2.033
11.491
0.146
0.000
0.078
8.702
0.299
19.967
0.000
1.047
7.484
52.393
0.026
0.136
3.582
0.435
0.000
3.671
0.000
0.000
0.177
1.732
14.261
1.266
2.845
1.329
0.775
0.026
9.982
0.478
3.374
0.000
0.364
1.231
0.149
3.064
23.295
1.736
20.337
0.414
6.047
0.068
2.675
2.127
7.397
28.470
17.125
0.000
0.005
7.078
0.001
1.766
0.142
0.050
11.836
18.064
0.000
0.993
1.652
0.646
0.521
0.000
14.224
2.657
0.036
1.204
4.882
6.379
4.925
0.000
0.455
0.165
8.459
4.849
0.398
0.047
1.149
0.007
0.158
0.239
6.126
0.008
28.696
3.266
0.000
9.320
0.007
3.603
4.903
0.000
0.600
0.000
0.019
0.000
0.066
0.000
0.396
0.480
0.977
0.000
9.857
0.000
2.096
0.000
3.725
26.676
0.412
1.587
0.002
1.123
0.209
1.204
2.156
0.257
0.680
4.105
0.704
0.038
3.710
0.403
14.514
13.338
23.732
2.431
0.464
1.755
0.317
0.000
2.372
0.112
0.205
2.040
1.501
0.017
2.499
0.492
0.204
0.309
0.058
4.750
2.483
0.005
0.000
1.681
1.162
1.067
1.054
0.386
3.248
0.133
3.776
1.051
0.019
4.974
0.010
0.046
0.317
0.946
0.362
3.386
0.000
0.008
0.006
0.409
0.076
0.000
68.951
0.439
0.000
0.006
0.028
0.483
1.335
0.458
0.128
0.180
0.000
0.370
0.221
0.000
0.223
2.231
2.512
2.873
2.457
2.185
0.542
0.259
9.492
4.841
1.874
10.017
0.657
0.000
0.444
0.000
0.000
0.098
0.096
0.000
0.081
0.018
0.154
0.044
0.000
0.168
0.018
0.033
23.171
0.042
0.000
0.039
0.018
0.331
0.934
1.155
0.000
0.000
70.845
1.034
0.213
0.416
0.200
1.052
0.277
0.936
3.000
0.218
0.586
4.421
0.116
0.000
0.000
0.003
1.631
2.830
0.000
0.992
0.007
0.555
3.976
13.387
0.000
37.281
1.322
0.136
0.000
0.000
2.656
0.127
0.506
0.097
0.793
0.000
0.057
0.279
0.812
0.000
0.075
0.018
2.606
0.284
0.363
12.307
0.027
0.038
0.000
0.065
1.537
1.301
0.763
0.085
5.860
0.171
0.426
2.924
0.297
0.393
1.495
0.014
0.000
1.327
10.339
3.995
4.020
2.433
0.005
0.461
1.144
1.440
1.968
0.011
0.030
0.060
10.125
0.505
0.299
0.000
0.000
0.965
26.889
0.317
0.002
3.317
0.049
5.901
0.145
0.079
0.014
0.000
0.000
0.047
0.052
0.000
0.653
4.631
0.296
0.127
4.391
1.200
0.000
1.387
5.746
10.713
0.025
0.000
0.003
1.093
5.172
0.034
29.537
23.523
6.978
0.000
40.204
3.780
0.022
4.145
3.826
0.031
1.598
0.449
0.208
0.001
0.000
4.983
0.000
0.726
0.082
7.359
0.187
0.220
0.000
0.769
0.394
0.038
2.915
0.000
19.684
0.000
0.174
2.312
0.823
7.937
7.190
0.184
1.052
2.178
1.123
48.836
0.000
5.342
14.305
6.359
2.014
0.000
44.572
0.010
9.987
0.026
1.226
76.246
0.170
0.381
0.801
1.027
0.024
0.077
0.020
0.219
0.000
17.009
38.378
0.000
5.692
0.040
0.002
0.199
1.318
15.895
0.389
1.040
1.273
6.717
2.335
0.287
13.997
0.365
0.811
0.032
3.372
5.526
0.740
0.145
5.908
0.850
0.000
3.226
0.000
0.154
0.266
8.232
0.000
0.054
0.003
1.920
2.223
0.852
1.209
11.554
1.377
1.565
0.000
0.777
0.032
0.000
2.471
0.000
0.000
0.618
0.370
0.000
0.002
4.872
2.681
0.804
0.000
1.402
1.241
0.912
0.000
2.911
0.000
0.064
1.315
0.506
0.413
0.000
1.974
9.687
0.000
0.185
1.524
0.471
0.230
0.373
65.204
2.296
6.718
0.155
0.895
1.108
0.256
0.438
5.574
3.521
1.632
0.346
0.451
0.190
0.329
0.013
1.979
0.382
0.211
0.137
17.755
0.423
0.601
2.560
4.401
0.733
8.088
0.014
0.000
64.052
0.000
1.651
0.003
0.449
0.000
5.386
17.940
1.935
0.595
0.344
0.952
1.315
0.310
5.313
0.089
6.809
11.001
0.000
0.957
0.095
2.166
0.456
0.000
0.299
0.019
0.011
1.462
0.140
0.658
0.001
0.104
0.278
2.389
3.527
0.000
2.233
0.033
0.417
0.050
0.243
0.707
0.166
0.221
0.720
0.027
1.083
0.000
40.241
2.177
0.065
1.262
0.038
0.000
10.216
1.416
2.845
1.222
0.000
0.000
6.017
0.000
0.000
0.014
0.012
21.841
0.986
4.207
0.078
7.422
1.565
4.266
0.177
0.000
1.402
0.000
0.000
0.204
0.090
0.076
3.560
0.496
0.303
0.118
1.107
0.600
33.740
20.332
0.589
0.000
5.268
0.016
0.288
0.013
0.063
0.000
0.026
1.887
1.922
0.146
4.561
13.534
0.000
97.892
0.432
0.009
0.033
0.558
5.955
0.094
2.911
2.071
0.000
3.726
0.136
2.089
4.010
0.812
0.003
0.000
0.000
1.403
0.059
11.576
30.714
2.351
0.126
0.699
0.026
0.000
0.140
0.000
0.469
24.799
4.602
2.909
15.051
0.429
0.002
11.173
0.231
0.000
1.114
1.006
1.687
0.000
0.000
0.000
0.042
3.343
0.952
0.003
13.662
6.585
0.000
0.288
0.083
0.000
34.467
0.000
17.505
0.000
0.000
1.574
1.536
8.070
8.957
0.617
0.090
1.757
0.265
0.670
0.000
0.000
0.220
6.715
0.146
0.000
0.307
2.376
20.498
0.616
1.001
0.292
0.374
30.904
0.000
0.000
2.475
2.686
0.014
5.936
18.983
0.797
35.521
0.235
6.152
0.000
77.142
0.000
2.886
0.000
1.012
45.279
0.000
0.121
0.065
21.724
1.008
0.000
0.243
0.012
6.323
0.070
8.790
4.665
0.062
0.234
0.641
6.178
0.485
14.571
4.542
0.577
0.000
1.626
0.955
49.300
1.278
7.870
0.007
0.425
17.362
3.546
0.263
1.240
5.061
0.980
20.992
0.142
0.538
0.142
1.980
19.229
2.877
7.053
3.574
0.000
0.101
0.000
1.099
4.681
1.049
3.084
0.555
0.069
0.739
9.358
0.005
0.000
0.000
0.158
0.013
0.769
0.032
0.000
1.677
0.000
0.150
0.000
1.074
0.029
0.236
1.473
0.274
3.337
1.356
0.878
1.056
0.238
0.000
0.015
0.043
0.897
20.626
0.551
0.662
0.647
0.000
0.000
0.036
0.980
0.157
24.082
4.832
0.481
13.700
0.459
14.705
0.022
1.783
1.006
0.161
1.477
0.331
0.720
0.066
2.820
0.085
0.020
2.833
2.239
0.542
4.547
0.533
0.034
0.550
3.109
19.086
1.845
1.263
2.545
0.322
0.551
10.111
0.000
0.227
1.106
0.093
0.000
0.702
1.690
0.198
0.995
0.815
0.415
0.028
0.159
0.003
0.270
0.785
0.311
0.187
0.305
0.056
47.586
29.738
2.134
0.641
0.000
7.787
0.024
0.012
1.858
1.592
0.420
6.007
0.503
0.000
1.399
1.392
0.767
0.074
0.008
0.044
1.301
0.490
0.173
0.000
2.246
5.785
1.186
0.033
1.421
1.566
0.000
4.555
0.503
0.000
0.197
0.622
0.000
1.474
0.083
3.390
0.783
0.000
1.966
2.697
0.235
0.020
0.560
0.012
6.541
0.485
1.218
0.199
0.126
0.150
0.061
1.049
56.386
0.000
0.093
8.057
1.328
18.672
0.000
1.394
6.254
0.967
1.278
1.007
0.000
0.000
3.321
4.830
22.422
7.373
0.008
0.163
0.909
146.746
5.019
2.396
1.799
0.000
11.634
0.316
0.556
0.234
0.075
0.012
0.148
0.157
0.329
0.439
1.270
0.000
0.040
0.654
0.056
0.025
0.204
0.000
0.000
0.000
0.000
0.041
0.039
6.357
0.035
0.000
0.000
17.958
0.688
0.241
1.529
2.603
5.637
0.000
0.218
0.000
0.473
4.259
0.063
1.778
0.188
0.154
0.112
0.819
0.464
6.310
0.000
0.249
17.392
9.878
0.016
0.615
0.081
0.934
0.093
1.893
8.739
31.514
1.062
2.796
0.000
1.796
14.295
4.457
0.747
0.118
2.585
0.022
0.000
0.000
2.442
1.009
0.482
0.000
0.097
0.438
0.000
0.034
1.129
0.043
4.781
0.004
0.241
0.488
2.808
0.952
1.208
0.123
0.024
1.223
0.189
7.121
0.930
0.178
0.000
0.008
0.000
0.826
0.085
0.000
0.000
1.186
0.210
0.000
11.700
0.158
0.761
0.070
0.664
0.080
8.563
242.413
0.355
0.011
0.006
0.162
0.074
0.677
1.391
1.649
5.908
7.562
1.451
0.257
0.000
0.127
1.845
0.692
1.233
0.570
6.457
0.349
0.594
0.000
0.000
5.567
0.000
5.045
12.523
0.142
0.000
0.000
0.000
0.075
0.000
0.000
0.752
3.492
1.629
0.104
0.000
1.643
1.508
2.414
1.485
0.000
2.844
9.505
2.608
1.305
1.082
0.073
0.000
1.213
0.338
0.619
3.083
0.033
0.209
0.324
0.944
0.473
8.083
0.071
0.201
0.082
0.000
0.869
0.000
9.618
4.097
13.866
46.312
23.414
0.942
0.326
2.709
0.000
0.278
0.058
0.769
1.316
0.000
0.777
1.815
0.061
0.837
0.083
0.860
1.597
0.220
0.020
0.000
8.185
4.261
0.003
0.002
0.000
0.490
1.049
0.440
0.998
0.095
0.196
1.076
0.886
1.967
0.000
0.000
0.017
9.774
0.000
0.000
26.814
2.225
0.000
0.000
1.208
1.148
0.000
68.977
0.000
3.757
1.216
2.480
2.376
0.270
0.000
0.673
0.974
0.711
0.100
18.260
5.365
0.694
14.715
1.248
0.062
0.126
1.250
0.226
0.050
4.617
0.000
4.130
1.664
0.022
0.749
0.005
0.000
0.005
0.000
0.176
0.050
0.000
0.000
0.626
0.116
3.510
0.022
0.387
0.358
0.390
0.133
1.837
0.000
0.000
7.012
1.956
0.611
0.239
0.375
0.005
0.308
0.311
1.396
0.030
0.002
0.000
3.033
1.862
0.000
0.027
13.854
0.967
0.646
0.000
0.901
0.548
0.022
88.759
0.122
2.108
0.000
0.077
1.539
7.756
9.915
0.806
0.017
7.502
1.556
0.825
0.215
0.131
0.738
0.307
8.042
0.332
7.409
20.039
0.495
25.906
0.029
0.199
0.325
2.016
3.592
36.606
1.291
0.000
1.424
0.000
0.951
0.302
0.263
1.175
3.100
0.440
0.196
6.842
0.990
2.975
0.158
1.639
0.022
1.980
6.147
0.343
0.004
0.557
4.092
0.122
0.323
0.022
0.110
0.042
0.180
0.993
1.500
9.321
1.531
0.255
0.428
0.116
1.153
0.202
0.033
0.000
0.107
2.856
0.070
0.208
0.307
6.415
0.019
4.998
0.000
1.295
2.114
0.000
1.443
1.057
0.000
1.439
0.082
0.012
0.482
8.487
0.378
0.109
1.765
0.575
0.020
0.083
0.000
3.317
0.088
0.832
0.175
4.992
1.130
0.521
2.013
0.004
18.685
9.640
2.591
0.093
0.168
0.000
1.241
0.057
62.862
4.341
0.270
0.656
0.287
0.000
5.014
2.242
17.252
8.404
0.444
0.107
0.000
13.563
0.000
36.125
0.000
0.021
9.362
1.869
42.451
12.351
4.956
9.634
12.791
0.074
7.101
9.789
1.539
0.065
20.303
0.000
1.569
32.960
10.968
5.225
6.367
0.023
6.935
0.044
0.000
0.808
0.964
0.000
7.715
0.000
0.000
0.419
2.156
0.042
12.372
0.102
9.278
0.000
0.093
11.342
0.148
1.733
0.000
0.000
0.047
0.425
1.318
1.927
0.377
9.555
0.128
3.748
0.074
0.028
2.453
0.231
13.460
2.640
0.008
1.738
0.012
3.966
0.303
0.565
0.058
0.000
96.777
1.673
0.159
3.589
0.557
0.387
0.000
0.815
4.175
0.992
0.044
1.087
26.459
2.092
2.753
0.017
1.595
0.000
0.000
0.036
0.248
0.042
23.094
0.041
0.014
0.027
1.279
0.108
1.916
3.922
0.000
1.486
0.000
0.000
0.000
1.746
0.459
0.004
10.881
0.000
3.655
37.185
0.509
0.048
0.300
0.678
0.417
0.000
5.878
0.012
0.000
0.000
12.483
0.856
0.611
0.261
9.283
0.416
1.904
0.000
0.208
0.000
0.050
0.000
2.362
0.859
1.776
0.006
0.000
8.706
0.038
0.160
2.569
0.091
0.003
2.802
0.866
0.488
0.015
1.939
0.109
17.179
0.000
0.698
0.000
0.416
0.113
8.104
17.785
15.132
0.000
3.140
7.524
7.394
0.000
0.761
13.958
0.000
4.122
0.056
1.872
0.022
0.376
0.078
0.539
4.444
0.000
0.277
1.363
0.018
2.377
0.243
4.238
8.196
0.807
0.147
0.000
0.049
1.908
1.466
0.611
13.548
0.048
0.347
0.000
0.079
4.018
0.026
4.832
0.119
78.518
0.840
1.191
0.125
0.013
0.466
109.949
1.538
0.095
8.647
0.240
1.281
0.066
2.271
20.605
1.987
0.000
59.391
0.980
0.334
1.898
0.000
0.058
0.000
2.728
10.656
0.322
0.018
0.533
23.839
10.091
0.003
2.437
77.334
57.339
0.142
0.009
5.095
15.680
0.013
0.000
41.396
0.000
2.929
19.145
0.025
3.366
3.939
20.165
0.000
0.594
2.932
0.057
0.023
0.228
0.227
0.722
1.226
8.420
6.375
0.672
34.700
118.182
0.000
5.942
0.078
3.854
0.413
0.302
0.000
0.000
1.677
0.559
0.842
0.000
0.092
0.000
13.178
6.823
8.365
0.001
0.000
0.000
0.233
9.112
0.053
0.565
24.274
46.656
2.105
0.012
44.296
1.667
0.069
1.633
0.141
3.509
2.460
0.000
5.438
1.594
1.310
8.834
0.810
0.001
0.772
10.073
0.170
2.956
15.894
0.000
0.468
0.006
0.003
0.084
0.052
0.846
2.477
2.642
31.173
1.213
1.480
0.341
0.000
0.306
4.235
9.409
13.459
4.213
2.295
0.815
0.000
1.559
0.053
5.503
0.115
4.793
12.690
2.510
13.401
0.194
0.290
0.438
0.000
0.126
2.097
0.948
0.153
2.796
0.000
1.467
0.710
1.285
69.499
86.361
0.045
0.000
6.526
0.898
6.349
0.000
0.023
0.881
0.111
0.000
0.452
0.681
0.087
6.518
57.007
4.817
0.926
0.000
2.946
191.727
0.170
0.048
3.077
0.019
0.476
4.091
0.918
0.199
235.101
1.278
0.120
0.188
53.193
2.525
5.660
0.096
1.632
0.436
0.213
2.898
7.306
0.857
0.058
1.293
0.058
0.000
0.025
0.002
0.186
8.336
0.000
0.219
0.306
1.280
2.637
3.516
2.810
7.245
0.323
0.000
6.997
0.000
0.042
1.498
0.467
0.048
0.000
2.863
0.645
0.234
0.548
31.121
14.531
0.748
0.002
0.400
61.474
5.199
3.364
1.602
0.221
0.000
2.733
1.821
0.022
0.040
2.752
0.448
0.106
13.763
2.972
2.347
23.821
0.426
1.027
2.089
3.177
1.880
0.000
0.000
5.922
11.426
3.729
0.664
0.456
0.670
0.000
0.252
0.684
0.000
3.536
0.002
1.144
0.057
0.003
0.087
0.845
0.132
2.222
0.564
1.463
5.034
1.007
0.096
0.041
0.149
1.992
5.112
0.218
0.000
2.275
0.000
1.290
0.019
3.968
8.016
32.128
21.595
0.445
50.243
0.022
0.021
7.686
0.000
1.444
0.804
0.058
0.000
0.036
0.000
0.000
0.358
21.786
0.099
0.056
0.000
0.000
0.234
0.624
0.116
2.095
1.031
0.172
9.826
0.033
5.776
0.009
6.221
0.465
0.335
0.801
30.616
0.047
2.271
0.464
0.000
0.095
0.376
0.429
4.177
1.149
0.224
3.795
21.226
10.612
1.235
0.259
0.010
16.169
1.086
0.737
18.668
3.170
4.272
2.360
0.000
2.445
1.339
3.824
0.266
0.052
14.261
0.030
4.179
4.593
0.000
0.000
0.149
0.290
1.787
2.600
1.671
0.000
0.064
1.828
0.000
0.250
0.078
7.175
0.160
2.178
0.006
0.000
0.000
1.906
0.000
0.000
8.744
1.276
2.202
1.089
1.137
0.000
1.680
0.000
1.799
0.002
0.787
0.169
3.799
2.005
0.868
8.722
1.845
5.425
0.000
0.000
0.031
0.029
1.555
0.227
0.013
0.000
0.170
0.362
3.886
167.011
10.641
0.060
0.000
0.000
0.527
4.174
0.036
0.141
0.971
0.000
0.643
1.576
0.368
0.000
1.822
0.010
19.706
0.000
0.142
13.776
1.228
1.402
0.444
0.223
3.472
0.023
1.453
0.762
0.178
0.327
4.242
1.660
0.497
0.367
0.000
0.135
1.046
0.007
0.000
16.428
0.218
0.000
1.481
1.298
124.263
0.399
0.000
0.022
2.504
5.858
2.222
4.191
12.859
1.157
0.000
0.161
2.257
0.093
0.000
43.328
0.000
0.472
0.000
0.000
200.928
0.000
13.271
2.600
6.631
0.756
0.000
0.709
0.000
0.399
1.077
1.265
1.902
0.587
0.374
0.099
0.441
0.603
8.289
0.535
0.003
0.000
0.127
0.000
0.183
0.000
0.910
1.377
0.067
2.374
16.302
1.665
0.569
0.732
0.030
38.866
0.000
0.045
16.209
6.898
0.486
0.174
0.000
8.716
2.842
0.926
0.832
0.014
5.045
0.622
0.034
0.660
0.000
2.253
0.031
39.982
6.701
1.103
0.013
0.000
0.140
1.398
2.300
1.684
0.025
0.000
0.630
5.839
240.715
1.200
0.000
0.900
5.108
0.831
16.374
0.154
1.194
3.093
0.708
0.022
0.000
0.000
1.008
0.027
4.478
0.017
1.001
9.342
9.163
0.014
0.519
1.129
0.989
0.097
0.246
0.268
0.347
3.759
2.094
0.029
0.642
25.601
3.529
0.486
0.176
3.001
3.437
0.210
22.516
0.148
0.409
0.305
0.013
0.920
0.275
2.595
1.227
0.051
1.018
0.000
0.072
0.000
0.118
2.753
0.749
1.135
0.777
0.142
0.013
2.023
0.065
0.013
0.000
4.824
9.119
9.523
0.107
1.294
0.000
0.145
0.000
6.739
3.898
0.206
0.790
3.075
3.026
25.886
0.671
9.698
1.051
0.021
0.043
0.405
1.114
0.000
0.847
5.626
0.010
0.159
0.000
0.015
0.001
0.832
0.000
0.267
0.000
0.359
0.000
1.262
0.164
192.811
0.026
94.061
7.206
0.281
8.116
2.217
0.000
1.122
0.075
0.218
0.000
0.106
0.000
3.603
1.896
0.928
2.438
0.063
0.000
1.313
2.505
1.276
0.138
4.564
0.649
0.035
37.414
1.265
4.312
14.050
0.000
0.000
1.247
2.016
6.673
0.014
0.000
3.877
0.671
17.628
0.000
0.000
0.000
0.000
0.271
1.487
2.333
85.170
0.382
1.995
0.082
0.772
0.475
3.671
5.978
0.612
0.120
0.000
0.000
0.000
3.687
1.429
0.544
0.921
0.198
0.042
1.425
1.168
0.263
0.079
0.342
1.419
0.145
5.630
0.328
0.264
0.052
0.950
0.115
0.695
6.275
0.000
0.000
9.016
0.303
0.000
5.933
0.785
0.000
0.102
0.274
5.013
0.000
0.240
5.674
0.919
0.268
0.533
23.203
0.214
5.526
0.000
2.527
0.000
5.788
0.004
1.919
0.484
12.505
0.456
11.220
10.924
0.016
0.161
1.164
0.549
0.019
1.130
0.103
3.951
0.006
4.087
2.354
0.004
4.358
1.004
0.345
6.922
0.022
0.000
0.881
4.251
0.199
2.492
0.000
0.000
20.153
0.021
8.601
0.174
6.060
0.000
24.243
1.416
7.825
0.008
11.230
0.028
0.001
0.212
45.312
2.092
0.007
0.078
17.100
1.096
1.686
0.728
0.000
0.000
1.039
2.148
1.260
4.020
2.092
7.522
0.050
0.000
30.828
0.000
0.000
0.139
3.363
0.000
0.078
0.417
0.000
2.018
0.081
1.819
23.954
21.312
48.985
1.705
2.134
2.573
0.268
12.754
15.171
0.278
0.023
0.621
19.032
0.553
0.950
0.067
15.819
1.292
0.046
0.864
1.077
32.900
0.616
0.151
0.171
0.228
1.553
3.692
4.088
0.102
2.907
0.000
9.478
0.000
0.643
0.070
2.607
0.005
0.000
8.030
1.177
0.159
0.432
1.360
0.934
0.309
0.241
1.567
1.337
0.006
0.128
1.028
0.093
1.266
0.018
0.457
0.000
0.261
1.924
1.527
0.158
0.315
0.414
1.217
0.000
0.000
3.848
0.039
152.549
0.076
0.000
0.034
2.160
2.795
4.349
2.161
14.056
2.700
2.151
0.075
2.332
0.123
2.511
0.000
0.794
23.182
4.283
4.842
3.166
0.000
0.005
0.076
0.024
0.119
1.614
0.392
0.250
0.000
0.436
1.781
1.559
0.000
2.601
2.970
0.000
0.032
6.104
2.482
0.236
4.414
0.313
4.072
18.380
3.660
0.001
0.249
0.793
0.075
0.943
7.811
0.804
0.430
33.224
16.524
31.599
0.000
32.468
0.000
0.108
7.327
0.000
0.645
13.576
0.573
0.006
2.962
0.000
0.095
0.336
1.016
1.076
0.411
0.456
0.390
1.291
0.008
28.727
20.414
0.000
2.457
1.451
1.275
0.498
0.000
3.727
0.045
0.225
0.764
0.164
2.613
0.040
0.774
0.963
0.406
0.752
0.000
1.153
4.867
6.430
3.320
1.749
0.413
3.463
0.000
0.130
2.856
0.210
0.087
0.697
9.309
0.710
0.000
0.337
5.013
3.887
0.000
8.794
1.199
7.553
0.318
0.016
1.706
0.382
25.475
1.224
0.415
6.858
1.264
1.652
0.000
0.000
0.046
0.011
28.898
0.000
0.000
48.958
1.598
22.655
20.351
0.648
0.000
0.000
0.087
1.024
0.071
3.187
2.360
1.111
0.005
0.008
0.352
2.415
0.218
0.000
0.269
0.130
2.526
0.509
0.412
0.103
0.034
0.316
4.635
0.134
0.107
0.013
0.000
2.828
0.003
0.229
55.930
0.000
0.256
0.025
0.521
1.544
23.287
0.000
0.276
6.504
0.041
1.996
0.017
28.169
6.284
49.765
2.357
5.601
0.000
0.238
1.146
0.018
1.915
0.050
0.957
4.735
0.212
0.683
37.140
0.139
48.566
95.651
5.587
0.790
0.128
1.308
1.300
0.024
0.057
0.000
0.000
5.645
0.006
0.000
0.790
3.695
14.357
0.000
0.000
0.032
0.660
0.358
0.045
91.401
1.164
0.437
0.185
0.377
5.225
0.160
0.000
0.000
0.380
0.142
0.000
0.121
9.105
0.002
0.000
2.291
0.099
13.184
0.033
0.565
0.688
0.210
7.719
4.504
14.295
0.000
0.503
0.566
0.286
0.172
0.001
1.716
0.000
1.950
0.000
0.028
2.919
1.801
0.536
2.185
0.782
0.000
13.577
0.379
0.000
3.130
1.282
5.700
2.016
0.227
0.066
0.005
0.000
0.000
1.022
2.000
0.021
11.478
0.068
1.482
1.174
1.047
52.812
0.099
0.753
0.672
0.008
1.465
1.802
0.693
20.253
0.628
0.000
1.086
0.648
36.951
0.002
1.583
0.117
0.065
0.000
0.211
0.097
0.386
0.706
23.421
3.471
0.000
0.000
0.266
21.535
0.019
0.550
1.032
0.000
4.175
27.977
0.000
0.636
0.172
3.242
22.928
0.921
0.000
0.003
0.534
16.239
0.855
0.215
12.391
0.098
1.154
0.582
1.089
1.427
0.076
0.000
4.058
0.453
10.982
0.042
4.698
0.264
2.603
1.189
12.400
19.650
8.522
1.537
4.514
1.820
0.237
2.437
0.000
3.935
0.566
0.000
3.168
0.671
0.216
26.671
2.018
0.021
2.262
0.454
5.735
1.613
0.100
0.000
0.558
0.000
0.613
0.027
0.000
3.876
0.594
3.943
0.000
71.802
0.458
