4.057
0.000
0.357
0.000
0.000
0.207
0.000
0.375
0.937
0.029
4.956
10.220
143.057
0.000
0.000
0.434
0.911
0.258
0.134
0.004
0.000
0.125
25.769
1.067
5.058
0.000
0.000
0.041
0.000
0.000
0.000
2.234
0.000
0.245
0.149
0.000
0.984
1.896
4.254
0.191
0.000
54.842
0.037
0.032
3.071
0.000
7.639
0.178
0.071
0.162
5.731
0.039
0.000
0.000
0.071
1.005
5.135
0.963
2.092
0.000
0.000
0.086
0.000
4.311
0.000
20.597
0.000
1.487
0.058
0.000
0.241
0.352
0.000
0.000
0.058
1.173
0.000
0.122
16.555
0.006
0.000
0.016
1.378
3.485
9.322
0.000
4.163
0.026
0.000
7.414
0.000
1.760
0.000
0.000
9.914
2.845
0.000
0.000
0.000
0.027
0.124
0.000
0.000
0.000
0.000
0.259
0.000
0.002
6.691
0.000
0.105
0.000
0.000
6.930
0.000
0.000
0.000
0.053
0.000
0.000
0.000
0.834
0.000
3.596
0.000
0.561
0.000
232.519
1.577
3.859
0.008
2.217
0.185
0.126
0.000
0.237
0.000
0.000
0.419
0.188
0.380
6.383
20.503
0.049
1.117
0.000
0.000
1.938
1.444
4.958
0.599
0.060
0.038
0.000
8.453
0.390
0.527
0.000
2.672
0.095
0.875
0.000
3.578
0.415
0.203
0.000
0.894
28.297
0.000
2.565
0.000
0.000
24.759
0.050
2.018
0.097
0.000
170.671
0.066
0.000
0.101
0.000
0.000
0.000
2.130
0.000
0.000
0.000
0.000
0.000
0.878
0.050
3.711
0.174
0.000
0.179
0.193
0.362
0.003
0.215
0.195
0.516
0.097
0.000
0.311
6.771
0.039
38.448
0.243
4.812
0.000
6.770
0.023
0.000
0.115
0.088
5.213
15.745
68.744
0.000
0.008
0.000
1.030
27.761
0.000
0.000
0.000
0.000
0.011
5.684
0.228
0.012
0.000
0.501
0.094
0.799
0.000
38.497
0.368
1.705
0.067
44.890
0.313
0.174
0.057
0.000
0.248
2.172
0.383
12.449
0.000
122.732
0.000
15.437
0.372
0.000
167.531
0.000
0.008
0.291
0.000
0.000
0.000
4.637
0.191
1.684
0.481
3.943
0.000
0.000
0.000
0.000
0.041
0.313
0.462
0.672
0.051
0.061
0.305
0.000
1.093
0.000
5.226
0.279
0.000
0.000
1.559
0.000
0.000
1.140
0.207
0.000
0.000
0.000
0.000
0.155
0.007
3.673
0.552
4.378
0.000
77.607
0.000
150.744
0.000
2.300
0.000
0.076
0.078
0.000
52.841
0.571
3.179
0.000
1.281
0.002
0.000
0.048
2.896
0.014
0.000
0.062
0.368
0.214
0.101
0.976
0.158
0.000
0.092
0.031
0.001
0.002
1.747
13.165
0.000
0.000
20.338
0.000
0.000
7.813
0.007
0.002
0.000
0.261
0.055
1.479
1.461
0.000
5.342
0.000
0.072
34.336
0.335
0.066
0.035
0.248
1.126
0.298
0.000
4.046
1.060
1.954
0.000
0.033
0.015
0.675
0.000
0.000
0.041
0.000
0.000
1.857
1.378
0.000
0.061
0.000
0.723
0.000
0.143
1.057
0.050
0.934
0.000
0.000
0.000
55.642
0.979
0.000
1.272
0.064
0.353
5.981
0.000
0.000
0.124
0.000
0.119
7.097
0.000
9.892
10355.881
0.000
5.829
1.681
0.005
6.380
2.838
5.152
0.000
0.000
0.011
0.000
56.278
0.000
0.002
0.676
0.000
0.161
0.000
9.952
0.098
0.181
0.909
0.172
12.304
0.545
2.751
0.000
0.239
0.000
0.000
1.543
56.228
0.000
0.000
0.002
0.689
0.086
0.064
0.000
0.000
0.000
0.079
0.025
0.085
0.000
0.000
1.004
0.121
0.011
0.793
0.152
0.000
0.176
0.030
0.201
5.798
0.099
19.549
0.939
0.000
7.467
0.032
0.000
0.170
0.268
0.000
1.621
30.656
1.092
0.208
0.000
0.000
1.167
0.477
0.792
0.484
2328.766
0.000
0.053
0.012
0.020
1.657
567.701
0.009
41.250
6.596
0.387
0.295
23.465
0.962
0.000
0.000
0.000
0.000
0.017
0.088
0.000
0.000
2.230
3.755
0.000
1.374
7.443
0.000
0.194
0.027
0.000
0.196
0.004
0.000
0.855
0.036
1.095
0.902
0.190
0.176
0.000
0.036
0.000
0.000
1.017
2.792
0.042
0.075
0.015
0.464
0.000
0.000
0.000
0.000
0.974
0.000
0.972
0.295
0.000
1.035
12.531
7.448
42.796
0.000
0.000
0.173
1.454
0.000
1.204
1.553
0.110
0.107
0.000
33.469
0.606
0.000
0.000
0.818
0.114
0.000
0.042
1.118
28.793
0.000
54.319
1.578
0.000
0.028
0.000
0.000
0.000
12535.397
0.085
0.177
0.000
0.004
16.227
1.632
0.000
0.012
1.439
0.079
0.000
0.000
0.217
1.330
0.000
0.000
22.748
0.000
2.867
0.000
1.045
6.025
0.000
30.599
3.664
0.000
0.000
59.665
0.000
1.328
47.072
0.050
16.628
0.000
0.066
0.000
0.000
4.420
0.000
0.171
0.000
0.619
0.866
0.003
24.820
11.470
1.742
83.349
0.645
0.000
4.088
220.995
3.368
0.858
6.934
0.000
0.000
0.000
0.703
0.198
0.070
0.609
0.003
8.210
0.761
0.969
0.088
0.000
0.033
3.988
0.000
0.358
0.687
0.000
0.871
0.365
0.000
0.000
2.568
0.000
0.000
0.040
0.025
0.276
0.681
0.000
13.782
0.336
0.962
4.967
0.139
4.000
0.000
0.000
53.012
5.598
0.000
0.173
1.807
0.000
0.000
0.000
131.210
0.000
8.813
0.000
0.105
0.000
0.031
0.048
0.075
0.000
0.000
0.000
0.073
0.000
0.866
0.221
0.745
3.652
0.000
0.013
4.345
15.024
0.108
0.071
0.065
0.749
0.012
0.027
0.058
0.316
192.377
2.774
3.107
0.008
0.120
0.056
0.000
0.000
1.150
0.014
0.000
0.014
40.228
0.623
0.012
0.000
3.145
0.188
0.000
0.513
0.103
0.000
8.126
0.000
0.198
0.437
95.557
0.992
0.000
0.150
0.150
0.300
0.262
1.125
0.999
16.843
4.764
0.117
0.906
1.383
0.376
0.056
0.000
0.000
0.000
0.005
0.000
0.000
0.996
0.052
2.660
0.767
0.000
0.000
0.243
0.000
0.092
0.000
56.928
0.000
1.827
1.194
0.834
4.153
0.013
0.000
5.258
1.488
0.000
11.065
0.000
0.519
0.002
0.000
4.498
2.688
50.928
0.972
5.014
0.000
0.001
1.159
0.613
0.634
0.000
16.444
0.640
0.846
0.000
0.820
0.000
0.001
0.000
2.407
1.852
0.000
2.647
0.054
0.849
0.000
0.000
0.000
0.000
35.863
0.000
2.357
2.902
4.364
0.090
0.000
2.486
2.780
0.000
0.000
0.000
0.116
0.000
0.000
0.170
1.081
0.000
0.000
0.000
0.000
0.086
0.000
441.929
0.722
0.000
0.000
0.116
0.053
0.021
5.623
1.259
0.000
0.000
0.000
4.911
4.840
25.458
0.000
0.285
4.509
0.619
0.326
0.000
78.317
0.039
0.053
0.908
0.000
1.252
0.003
0.000
13.604
0.000
0.000
0.228
8.110
0.000
0.000
4.276
0.000
0.028
0.188
0.026
0.000
1.261
0.000
1.276
0.000
0.000
0.000
0.000
0.728
0.580
0.042
1.244
0.000
0.000
0.000
0.000
0.181
0.000
0.389
0.000
5.914
1.110
11.312
0.068
44.175
1.313
0.000
0.000
1.733
1.108
1.108
29.744
70.843
2.768
0.048
0.000
0.307
78.677
0.000
4.220
0.000
0.096
0.157
0.000
0.203
0.977
6.392
84.353
0.000
0.000
0.000
0.000
0.338
2.199
1.510
0.031
1.148
1.544
29.327
0.051
0.059
0.018
0.090
0.000
7.327
0.000
0.075
5.442
0.000
0.000
0.232
88.456
0.000
2.490
0.000
0.612
0.000
0.000
0.000
0.000
0.411
1.515
0.000
5.977
0.000
0.320
0.223
0.005
0.064
0.000
3.088
0.064
0.000
0.168
0.000
0.579
0.102
0.581
11.568
1.870
0.000
0.000
0.410
0.182
0.478
0.106
0.000
0.712
0.013
0.000
1.365
1.434
5.288
0.000
1.379
0.013
0.030
0.000
43.932
0.284
5.138
0.000
0.000
0.000
0.023
0.076
3.123
0.013
0.463
1.174
0.000
5.493
0.000
0.000
0.000
2.101
0.008
0.195
0.000
0.000
0.016
3.205
7.569
0.000
2.341
0.000
0.129
1.266
10.157
0.000
0.000
8.709
0.148
0.051
0.000
8.829
0.395
0.554
0.000
1.001
0.000
0.909
1.099
0.000
0.000
0.536
0.829
0.625
0.383
12.954
0.000
0.412
0.047
2.866
6.545
0.000
2.034
881.469
0.048
0.000
0.197
0.000
7.370
0.041
0.012
0.010
0.000
0.000
0.016
0.279
0.002
0.000
0.000
2.432
0.697
8.197
4.347
0.023
0.554
0.546
6.047
0.243
7.850
0.000
13.021
0.000
0.000
0.026
6.677
7.161
0.000
0.000
0.000
0.018
0.000
0.000
16.196
0.600
0.000
4.649
8.159
0.000
0.000
0.255
0.000
0.000
0.563
1.271
0.733
0.556
0.034
51.846
0.384
4.698
36.126
0.912
5.143
0.364
0.000
6.983
0.044
0.202
8.067
17.042
0.000
0.489
0.000
0.102
1.801
0.788
0.063
0.070
37.298
0.000
0.000
0.089
0.000
0.389
0.037
0.000
0.000
0.006
0.000
0.055
19.407
0.019
61.775
8.469
0.000
0.000
0.045
0.011
2.849
0.000
0.000
0.000
0.000
0.000
0.000
0.000
0.000
0.411
0.024
0.000
0.028
0.355
1.980
0.852
0.000
0.025
0.087
0.000
0.710
0.185
0.000
0.000
0.000
0.060
1.110
0.000
0.005
0.000
0.120
0.043
0.480
0.000
0.054
0.016
1.584
0.000
3.211
0.000
0.196
1.287
0.000
0.000
0.000
1.302
0.000
0.056
0.003
1.492
1.064
0.000
2.103
0.474
108.906
0.606
0.006
0.000
0.102
0.156
0.000
0.000
0.000
1.770
2.541
0.038
1.076
0.000
0.004
0.005
0.039
0.000
0.014
0.000
0.009
0.051
0.423
0.019
0.531
0.000
0.000
3.604
0.000
0.000
0.152
0.122
51.761
12.035
8.274
0.000
19126.777
0.023
0.399
0.000
0.337
3.264
3.560
0.000
0.000
0.000
20.167
4.679
0.074
0.330
7.155
0.000
0.173
3.063
0.301
23.571
0.000
2.220
0.041
5.238
0.057
0.054
2.733
0.009
0.000
0.272
4.543
0.000
54.908
12.227
7.538
0.298
5.845
446.278
0.223
1.942
4.549
0.053
0.006
7.275
13.556
1.427
0.424
2.660
10.672
0.234
0.178
0.004
6.713
19.111
0.000
55.063
0.000
0.000
0.000
0.000
0.483
0.000
0.072
0.024
0.580
1.313
0.000
0.189
0.048
0.207
5.592
0.974
5.617
7.959
0.000
0.000
0.000
8.793
1.008
1.263
0.000
0.000
0.000
0.314
0.091
18.240
14.462
1.140
0.467
0.084
0.089
0.035
0.353
0.031
0.162
31.391
0.081
0.049
11.498
0.101
0.050
19.417
1.768
0.372
2.704
0.000
48.231
0.000
0.339
0.000
0.008
4.300
0.782
1.999
0.000
0.881
0.725
0.216
0.102
0.000
22.371
0.904
0.000
0.965
0.115
0.804
0.000
0.048
1.449
0.000
0.009
6771.935
4.490
0.024
31.807
0.064
0.000
0.029
1.468
1.769
4.392
0.193
1.120
0.392
0.219
2.969
0.382
33535.066
0.425
0.272
0.026
0.005
0.000
0.157
4.087
0.102
0.256
0.315
0.604
0.389
0.970
0.309
0.000
0.967
248.930
4.377
2.015
15.067
0.000
37.500
0.340
2.243
1.709
8.804
0.077
4.717
4.412
0.000
2.480
0.166
0.806
0.173
0.860
0.007
0.000
0.463
1.634
0.000
35.537
0.096
0.320
0.000
3.572
0.039
0.066
0.014
0.017
0.135
0.142
0.367
1.122
0.030
0.081
0.142
1.372
0.217
0.214
0.000
1.019
0.680
0.000
0.033
0.806
0.411
0.000
0.329
1.293
0.119
0.956
1.562
2.091
0.000
0.033
1.543
49177.223
0.000
0.000
1.377
0.696
1.121
1.018
69.043
0.349
0.531
1.046
0.111
23.181
0.079
0.000
4.777
0.033
0.953
0.000
1.684
198.802
0.000
0.000
0.010
0.160
0.344
0.000
0.000
18.746
3.989
16.212
0.800
0.535
22.897
6.148
0.010
0.124
3.488
83.397
0.000
0.000
0.730
0.175
0.157
0.000
0.000
0.084
0.000
0.039
75260.016
0.496
0.814
0.359
0.197
0.122
0.082
0.000
1.999
0.000
12.476
2.288
0.000
0.863
0.571
3.461
2.423
0.006
4.607
2.543
0.000
0.000
0.000
0.424
0.298
0.093
0.309
53.273
0.000
0.118
0.105
5.972
0.000
1.792
0.920
0.000
0.090
0.000
23.818
1.120
0.000
23.484
315.159
0.040
6.648
0.055
0.000
174.400
0.000
0.581
0.000
0.270
3.366
0.000
5.130
0.255
49.580
0.992
0.000
0.001
769.370
0.901
129.721
1.817
0.000
0.512
1.543
0.037
58.175
29.577
0.504
0.013
0.000
0.193
5.063
1.943
0.000
42.867
0.000
4.383
0.188
16.417
0.000
48.632
0.000
0.004
0.779
0.114
12.730
1.244
0.777
0.000
13.731
0.039
0.119
0.233
2.970
6.002
0.443
0.411
0.204
0.000
0.314
0.040
0.000
0.474
0.000
0.000
0.038
0.000
0.000
0.999
0.000
0.292
3.458
0.000
0.000
0.009
0.254
98.524
0.170
0.084
0.014
2.334
1.091
1.553
0.438
0.035
0.332
0.020
0.238
0.000
0.306
3.268
6.020
1.924
0.000
24.076
1.908
1.406
1.570
2.588
5.388
3.852
45.425
0.276
2.277
0.000
3.801
4.525
0.331
1.350
6.497
1.898
0.000
653.341
0.379
0.000
0.000
14.389
0.310
0.004
4.201
0.211
0.000
0.553
0.757
0.431
1.790
0.438
0.000
0.160
12.279
42.793
0.000
1.514
0.214
0.135
1.593
0.831
55.387
0.017
0.153
74.402
0.033
0.074
0.000
4.831
1.372
0.000
0.334
0.000
5.274
0.350
0.172
0.000
0.000
71.286
0.000
8.239
3.286
1.913
1.777
66.683
0.883
0.704
8.743
0.357
84.595
91.847
0.000
0.097
1.039
7.997
0.016
8.615
0.000
1.715
0.062
0.000
4.152
4.158
12.388
0.161
0.056
0.000
4.307
0.000
0.463
15.798
25.025
6.363
0.024
0.056
0.075
4.896
18.022
0.000
0.000
1.307
0.000
2.923
1.695
7.840
2.233
1.110
2.884
0.112
0.506
2.861
30.712
9.928
0.085
0.182
7.105
0.564
6.831
13.307
0.107
8.087
4.623
0.042
4.798
1.826
3.085
0.940
0.318
1.038
0.526
26.887
0.000
0.135
5.556
63.789
0.000
0.239
0.084
0.038
0.167
16.555
5.913
39.706
0.000
4.684
2.527
0.094
0.113
0.912
0.072
12.232
0.040
7.310
1.154
0.768
0.240
7.366
3.216
1.028
0.331
16.782
0.207
2.488
0.280
4.762
0.137
0.808
6.059
0.011
0.285
0.000
0.754
3.955
0.196
0.489
17.657
0.201
1.161
0.062
38.073
0.130
2.272
198.927
0.000
3.034
0.075
22.408
0.000
0.728
7.970
0.112
1.726
0.117
0.702
0.002
0.610
9.108
8.788
10.114
7.594
0.710
0.441
3.978
0.027
24.114
1.887
0.051
0.061
0.000
1.390
2.051
0.896
6.700
0.000
0.915
10.026
0.020
0.536
7.260
1.558
0.624
0.078
0.088
0.232
0.000
0.378
1.956
0.786
0.006
0.267
0.623
1.058
3.748
5.622
0.000
0.888
0.161
32213.963
1.466
0.427
0.871
0.154
1.579
0.699
1.045
2.104
73.677
0.864
9.901
0.272
3.294
0.000
0.000
5.549
13.649
2.287
0.000
1.598
0.662
0.217
0.800
0.030
0.147
1.342
2.932
15.653
1.874
1.545
0.416
0.284
1.044
0.166
5.129
0.083
33.537
1.155
0.003
0.222
0.277
0.000
0.996
0.000
0.140
2.363
10.795
0.715
0.885
3.934
1.479
6.282
1.759
1.458
3.752
0.037
0.022
0.196
101.979
3.555
0.076
0.338
0.057
0.344
0.366
3.219
1.590
56.002
0.000
0.000
0.009
0.079
0.936
1.182
0.689
0.385
0.525
0.643
0.000
0.017
0.934
1.617
0.081
0.000
0.087
0.000
0.000
0.000
65.223
0.072
4.817
0.284
0.000
0.098
5.496
0.000
0.185
12.746
2.879
0.000
0.162
0.648
1.142
0.000
0.730
1.519
0.632
1.368
3.770
2.142
0.280
0.798
1.012
0.675
0.217
0.000
0.414
1.279
1.205
0.000
5956.892
0.004
13.864
1.854
0.333
26.561
216.694
0.120
0.159
0.301
137.293
3.952
0.174
0.044
1.285
1.372
0.011
5.278
0.310
28.998
124.788
0.000
1.563
4.442
0.719
14.834
0.022
3.939
0.422
81.098
0.346
1.106
2.128
1.732
0.000
0.000
1.653
5.176
0.472
0.416
3.878
7.405
4.823
82.527
4.636
0.882
0.746
4.412
8.594
1.003
14.637
0.215
0.359
0.026
0.035
0.840
0.133
4.973
0.075
0.062
0.004
5.179
0.050
25.229
1.243
0.668
0.369
2.751
2.445
0.537
0.642
4.154
0.231
3.418
65.942
1.172
0.275
0.804
0.000
0.266
0.410
1.678
1.175
17.810
0.485
1.343
0.491
0.000
1.705
3.760
3.623
0.027
0.114
5.861
0.080
1.718
5.469
0.000
1.793
0.200
1.152
9.585
0.455
0.003
4.380
20.999
0.012
3.202
0.000
1.272
0.067
15.368
41.326
0.000
4.534
0.133
4.743
0.249
2.337
8574.625
1.065
0.540
0.339
0.110
0.087
0.157
11.932
0.108
0.073
9.534
0.146
0.257
2.531
12.699
2.627
0.144
38.447
19.007
96.278
0.199
0.011
3.716
0.224
0.000
0.252
0.894
1.673
0.474
59.136
0.663
1.762
14.481
0.343
0.431
0.010
6.158
0.998
414.186
1.353
3.081
6.247
3.613
2.733
122.653
11.858
0.239
3.906
0.367
63.444
10.212
2.339
0.356
0.155
104.447
0.336
0.965
125.212
1.040
2.800
70.928
7.222
0.030
0.823
1.916
3.526
1.101
0.034
1.479
1.009
1.405
1.850
5.236
131.472
0.054
0.037
81.250
0.402
0.000
1.338
0.010
0.211
1.370
1.860
0.415
23.123
0.000
1.259
0.866
1.966
0.000
1.187
9.316
3.002
0.238
0.000
3.361
0.435
0.648
138.743
0.616
2.926
0.367
1.852
0.000
0.968
0.562
0.076
16.294
0.128
14.065
0.000
0.092
0.864
0.197
23.995
6.884
2.614
0.000
0.188
12.773
6.873
84.906
4.799
0.000
3.049
6.398
0.123
1.755
0.000
12.295
1.171
30.010
0.000
1.602
31.664
0.000
7.614
78.547
5.051
2.299
5.284
1.980
6.224
4.019
0.034
0.000
0.138
1.121
29.401
2.906
0.167
11.060
3.081
1.645
3.542
0.127
18.103
10.410
0.077
0.148
0.904
0.000
0.035
0.013
0.674
0.186
0.493
1.317
0.035
0.016
2.345
0.875
19.284
21.904
0.168
155.181
0.243
9.118
4.651
0.048
2.006
77.989
0.000
8.355
0.515
12.306
1.180
9.483
0.275
0.608
0.000
6.172
0.374
1.213
0.000
2.051
1.043
0.764
2.356
0.625
0.075
0.003
0.000
0.032
27.938
0.664
0.000
0.895
0.000
0.024
0.019
0.004
3.130
1.955
0.000
1.184
0.995
0.692
0.114
0.498
0.008
0.771
1.942
0.093
0.000
4772.806
231.442
0.650
0.195
1.408
3.477
23.132
0.011
0.114
0.755
11.181
0.053
0.599
0.846
3.889
112.523
0.000
1.208
19.907
0.185
0.106
0.579
0.445
2.486
0.087
1.478
2.068
0.794
0.033
0.534
0.843
0.089
0.951
2.887
0.000
3.958
0.417
19.170
0.162
0.278
2.961
4.607
0.084
27.867
43.567
19.196
1.362
0.000
138.806
0.085
1.429
1.844
0.192
1.884
8.969
0.255
0.025
0.361
3.183
0.716
3.471
0.987
0.334
4.256
0.000
17.102
1.583
4939.394
1.591
0.017
1.076
3.037
0.092
50.870
14.403
0.044
9.637
0.242
5.347
33.846
18.949
0.464
0.311
0.334
0.602
82.475
0.006
0.078
0.319
0.447
0.174
0.007
1.592
28.492
58.893
64.217
2.077
1.926
3.028
0.145
0.636
0.000
0.021
0.000
4.168
12.761
0.000
2.583
6.104
22.350
2.953
145.209
29.766
3.420
0.291
9.139
0.440
0.372
0.407
22.691
0.374
46.556
39.260
11.936
7.048
0.053
6.575
3.642
0.000
1.231
7.774
0.000
0.000
0.627
0.017
0.757
7.238
2.438
0.013
5.593
0.000
0.211
0.787
0.436
1.778
1.059
21.440
0.380
2.154
1.064
1.175
2.532
0.000
0.058
0.000
0.016
11.238
16.784
1.180
0.617
0.290
1.858
57.420
2.153
0.000
33.399
0.042
0.071
7.060
6.511
1.700
18.209
0.080
0.489
1.880
0.004
0.834
1.994
3.552
1.472
0.000
0.918
0.006
1.643
0.546
2.366
3.632
5.338
1.868
0.123
0.973
0.226
2.046
57.819
0.157
0.996
0.000
1.662
0.136
30.596
0.000
0.042
0.855
10.139
0.000
2.027
0.633
0.036
0.260
0.011
0.663
0.078
0.000
0.436
0.000
13.532
0.532
0.973
0.010
7.028
0.245
0.786
0.218
0.590
8.189
0.001
11.136
33.824
0.783
0.372
4.761
0.000
0.065
1.080
0.000
0.502
0.000
1.536
0.000
9.493
3.844
0.755
3.039
0.135
3.035
1.866
4.156
1.327
0.268
0.380
0.056
10.456
0.524
4.775
0.000
37.925
0.144
0.010
1.594
1.140
2.761
22.938
2.369
3.933
0.002
0.028
0.847
3.793
0.000
2.554
1.674
0.989
0.350
0.863
1.197
1.305
10.332
2.889
4.429
4.466
0.000
0.017
1.445
0.082
0.029
2.017
0.926
0.046
0.050
0.995
20.891
3.373
1.151
0.294
0.232
6.200
1.849
0.939
4.891
1.446
0.000
26.820
0.707
0.000
0.024
26.198
0.441
4.029
5.228
8.232
23.857
6.620
55.798
1.201
3.427
4.284
10.138
29.392
0.188
0.134
0.000
0.287
0.194
4.795
1.615
2.275
0.000
1.000
2.286
0.697
3.801
63.171
0.297
0.459
12.695
2.182
124.450
0.112
1.607
0.257
3.940
0.043
0.000
0.097
0.116
0.216
0.140
1.628
67.032
36.884
0.196
0.678
0.000
12.782
1.746
2.221
0.337
3.727
0.000
2.429
5.992
8.052
1.498
1.520
13.299
0.525
0.008
0.046
0.282
0.000
0.000
0.725
6.015
3.041
0.119
0.065
0.201
0.206
16.802
0.375
0.000
0.039
0.030
8.612
10.879
1.270
0.252
1.047
1.410
1.876
0.825
2.971
0.109
3.583
0.603
4.787
0.437
1.417
0.000
0.021
4.791
11.428
0.029
1.972
45.371
11.464
3.132
4.366
2.513
2.317
81.065
9.555
0.000
1.127
0.000
0.000
63.248
0.005
80.145
71.006
2.652
5.303
9.037
66.036
0.278
0.904
39.877
61.678
10.475
0.000
12.719
14338.460
1.679
3.160
12.301
14.229
1.158
166.088
0.000
7.077
10.078
1.527
0.110
0.282
1.118
0.000
0.058
0.037
0.980
1.352
8.042
0.111
0.191
4.511
0.129
0.041
7.021
1.446
0.146
2.281
1.630
5.193
6.555
7.240
6.770
0.064
1.415
0.382
4.309
15.131
0.030
0.003
0.000
1.294
8.141
9.695
3.803
23.382
0.000
0.183
0.091
0.513
0.140
0.115
96.918
25.960
0.090
1.012
0.003
0.115
0.438
4.731
41.126
0.000
1.224
3.708
0.000
3.332
6.799
0.336
6.349
0.076
0.649
0.000
27.264
0.054
0.172
0.028
0.550
0.073
1.297
2.087
0.993
0.000
0.376
0.514
42.055
7.039
0.303
2.585
0.000
10.554
0.436
5.738
0.142
19.253
0.584
1.971
0.124
0.038
0.000
0.421
0.127
1.375
2.408
0.621
0.000
4.566
0.203
6.029
35.882
26.007
2.817
2.457
0.000
0.145
109.626
1.406
0.373
0.000
0.565
0.411
14.942
0.000
15.884
1.230
0.151
67.156
0.000
2.073
1.600
4.240
1.311
1.337
0.084
0.574
7.546
728.995
0.723
0.000
0.142
372.684
1.953
0.975
0.342
12.294
0.158
0.000
0.165
9.960
0.000
8.081
1.236
20.079
0.087
0.134
0.032
1.267
0.059
13.360
27.505
0.071
0.368
67.562
0.035
0.000
25.393
7.831
0.361
1.433
0.097
2.548
0.055
1.291
0.071
4.193
0.952
0.946
0.219
0.017
4.769
0.003
2.099
35.761
0.927
2.308
0.000
0.063
0.182
3.097
1.117
1.000
0.063
0.002
0.177
0.234
14.050
0.146
0.009
0.319
5.698
0.220
6.820
0.012
1.630
0.000
226.469
2.749
3.800
0.000
1.939
0.310
1.407
0.087
3.593
1.844
0.000
1.765
15.657
0.000
58.052
18.344
2.247
5.433
0.456
1.156
0.000
1.016
9.102
0.058
3.848
16.957
1.317
0.394
0.793
130.744
0.000
94.108
2.855
2.811
3.197
0.051
0.001
0.944
0.000
2.672
1.686
3.632
3.314
0.133
29.607
0.548
2.432
0.001
0.630
0.111
0.759
1.161
3.010
7.173
0.000
0.201
3.091
0.000
0.000
0.000
3.780
0.171
0.114
0.288
10.720
8.122
0.134
0.283
0.487
6.230
0.203
0.345
0.146
0.028
0.139
2.016
0.470
0.026
6.932
0.149
49.643
0.241
0.154
0.235
5.647
1.161
1.118
0.278
0.491
0.820
1.908
0.595
0.374
4.677
20.927
0.563
0.037
0.352
0.146
7.629
0.091
10524.358
0.299
1.805
41.079
0.352
0.336
0.000
9.099
0.088
1.474
1.732
0.023
0.000
0.192
0.021
3.015
0.054
0.003
1.676
0.082
0.804
0.137
1.940
7.909
0.018
11.999
1.214
2.520
20.838
3.783
0.061
0.301
0.719
1.503
0.021
6.299
8.829
9.578
0.014
0.000
228.109
0.151
0.311
0.052
0.000
0.043
6.086
0.006
1.254
0.000
2.478
0.103
54.025
6.834
84.742
9.042
8.826
12.389
0.693
10.766
1.038
0.000
0.066
4.241
68.246
0.086
0.024
7.162
0.671
0.015
0.076
15.141
46.036
0.008
0.000
0.184
0.357
1.078
13.643
2.067
0.057
0.710
2.075
0.251
6.537
5.073
5.551
2.007
0.000
71.530
1.369
2.041
51.997
0.467
0.001
0.162
2.696
1.018
0.135
2.125
1.829
0.000
0.195
1.526
5.553
0.077
7.752
1.685
0.200
10.047
6.087
0.000
2.295
0.310
1.131
1.659
0.122
1.004
3.905
0.000
20.787
3.731
2.028
0.000
2.094
0.787
0.929
0.012
0.119
1.455
5.961
0.319
1.989
5.113
34.186
0.000
1.159
32.468
0.409
0.146
0.942
0.066
0.000
0.270
2.452
0.043
2.715
40.956
5.573
3.774
13.526
0.371
0.000
0.143
0.281
0.000
3.920
0.000
4.091
0.006
15.145
0.077
38.470
0.053
0.441
0.484
6.282
28.016
0.960
0.250
0.254
3.347
0.151
0.000
1.678
2.070
4.062
0.000
0.007
1.356
0.000
8.192
0.965
0.789
7.713
17.452
0.000
1.545
1.755
0.453
0.815
0.996
1.444
0.000
11.390
2.704
0.022
2.016
35.789
0.444
0.059
1.009
0.282
5.065
0.229
6.094
8.230
0.258
0.267
7.882
1.136
1.480
0.684
0.000
6.063
0.039
0.678
0.010
20.422
2.888
4.218
0.366
0.036
0.097
9.797
27.384
0.185
0.000
10.752
6.989
0.622
4.612
1.063
12.055
5.989
0.008
0.000
2.282
0.019
1.235
1.406
0.131
3.885
0.000
0.027
10.696
0.000
3.852
0.089
0.854
0.000
44.274
1.831
3.508
17.529
16200.236
0.102
5.142
1.529
14.957
19.884
0.000
0.067
0.207
2.076
9.390
0.011
33.838
13.023
6.475
52.644
2.076
7163.822
2.013
0.492
0.143
0.000
0.000
3.867
5.678
0.000
0.000
0.346
1.433
2.389
2.886
4.719
60.366
1.782
53.200
0.039
5.002
1.178
0.053
0.522
0.567
1.616
0.021
0.589
0.251
2.637
3.804
33.516
0.921
2.890
0.291
20.639
3.779
0.000
2.945
6.848
0.926
58.500
0.140
1.464
0.000
1.988
4.756
3.406
0.152
38.190
1.213
6.697
0.640
0.089
1.044
0.659
67.065
0.000
2.817
2.775
2.947
29.406
48.444
5.432
0.813
0.718
89.673
0.000
0.000
2.380
1.442
35.663
124.241
0.672
0.108
37.163
47.872
4.612
0.000
3.031
0.142
1.168
16.331
4.155
0.349
3.802
2.871
0.000
14.251
0.708
103.285
0.246
0.000
9.009
0.231
0.757
0.367
436.116
4.544
0.976
0.063
6.138
0.024
14.941
0.463
20.578
0.148
0.100
1.750
4.192
7.247
0.175
0.000
0.000
0.066
0.710
0.331
2.298
0.000
7.218
2.079
0.662
0.055
0.169
0.020
63.467
93.617
1.889
0.000
1.243
0.234
1.833
13.006
0.623
1.971
20465.297
0.459
1.164
2.661
2.085
2.193
0.012
0.136
8.445
0.467
5.191
0.000
0.586
0.077
0.334
0.425
27.052
0.011
16.930
16.411
0.122
1.478
4.443
0.373
11.321
1.645
1.361
8.928
1.475
2.712
0.079
2.396
0.027
0.750
1.473
41.189
0.308
24.929
0.027
0.075
1.138
2.365
0.000
0.000
0.066
17.005
3.296
1.749
2.300
2.554
0.000
0.000
22.596
0.000
1.271
19.733
1.321
1.520
2.053
0.000
0.124
0.000
3.916
0.232
1.782
4.602
0.499
0.000
1.495
0.072
9.979
22.983
0.882
1.104
0.608
9.889
0.068
0.705
0.131
0.058
0.000
7.186
0.631
1.252
21.530
0.000
0.358
0.444
1.140
1.119
18.027
31.010
0.159
0.000
0.000
0.000
13.131
0.323
0.979
433.448
0.229
9.122
1.686
8.848
1.428
3.220
0.311
25.819
0.311
7.085
0.000
16.850
0.116
1.881
2.427
0.045
0.315
2.706
13.930
0.080
0.001
1.179
2.479
3.358
0.964
1.236
0.497
2.391
0.369
1.231
4291.777
6.660
2.159
0.208
32.731
23.928
0.606
0.000
0.942
28.247
1.012
1.450
4.337
0.000
125.348
0.000
12.124
0.043
1.034
0.204
11.457
0.206
0.387
1.888
0.002
0.070
0.106
3.176
0.555
0.166
0.259
98.318
0.032
18.601
11.887
0.019
47.479
0.983
0.000
0.214
0.530
19.293
0.286
41.353
0.357
0.168
0.000
3.561
71.776
0.057
8.040
0.218
2.706
4.722
2.630
3.920
0.213
3.480
0.561
3.151
22.662
5.087
5.502
9.459
0.080
0.025
1.328
1.032
9.254
0.067
1.275
0.000
0.064
0.781
4.760
0.800
0.964
0.000
1.036
0.006
8.394
1.026
0.077
11.849
2.578
0.458
2.936
0.000
3.668
0.000
0.036
0.094
6.990
4.458
18.959
0.053
0.868
0.000
4.642
1.569
1.506
0.225
0.121
1.825
0.152
1.512
11.339
0.668
0.000
1.427
2.460
8.978
21.494
0.803
1.393
0.020
1.530
11.188
2.329
0.465
0.038
0.934
0.000
103.643
16.105
1.232
0.212
3.100
0.013
0.009
0.876
5.182
0.011
1.605
0.218
50.680
0.185
6.096
0.052
1.118
2.828
0.424
37.723
5.278
0.146
2.230
7.065
11.813
0.070
46.360
0.267
12.696
0.162
0.338
0.000
0.800
3.126
0.791
0.000
0.988
1.051
1.971
3.333
158.889
7.657
0.000
11.056
6.548
19.149
11.044
48.018
0.706
12.163
0.170
4.654
19.195
8.996
1.506
5.887
0.382
0.053
0.000
0.247
2.038
12.259
0.282
0.089
0.070
0.280
0.585
6.132
10.023
6.093
1.509
38.097
0.545
1.281
0.215
1.069
0.000
0.447
0.994
0.371
0.765
3.333
0.000
1.423
0.000
1.356
0.000
2.599
0.383
1.097
2.389
0.108
8.723
0.480
0.027
0.000
8.805
0.031
0.044
0.041
0.000
1.080
0.191
0.000
9.208
0.033
0.171
0.046
0.032
1.907
1.012
0.003
4.293
0.000
0.125
6.749
0.095
0.071
0.327
4.630
5.011
0.264
0.000
0.830
2.381
0.000
8.010
0.158
0.172
0.632
3.591
1.844
5.573
0.000
1.248
3.520
8.046
0.239
1.322
0.122
5.144
1.634
1.584
0.184
2.616
32.273
0.231
1.492
14.538
1.446
0.492
11.222
7.463
0.000
0.112
3.966
0.000
0.028
0.000
3.296
0.000
10.839
5.471
0.000
0.206
0.153
98.308
23.496
0.391
0.352
1.622
0.000
0.000
0.159
1.496
0.000
0.000
4.366
22.114
0.777
0.000
26.766
1.932
3.835
3.058
20.175
0.731
1.343
25.771
0.464
1.030
7.355
0.090
0.050
0.791
1.225
39.165
595.126
3.453
42.708
18.755
0.042
0.878
0.000
0.321
1.903
0.088
7.069
4.351
2.524
2.837
0.267
0.575
0.004
6.571
0.865
1.333
2.493
0.000
15.158
0.239
1.008
0.939
1.597
0.733
69.621
1.021
3.219
1.041
0.315
4.961
1.330
0.592
0.626
6.565
1.350
5.108
3.343
53.160
0.000
2.775
4.696
9.516
1.767
0.201
8.504
5.384
3.379
4.196
0.043
0.202
5.226
7.123
0.150
0.033
0.177
1.347
1.881
0.697
2.084
1.468
1.125
18.627
9.196
7.255
2.006
1.773
0.003
0.441
0.080
0.054
22.248
1.943
0.111
0.602
0.037
0.300
0.663
0.263
0.476
0.018
17.687
5.205
8.433
2.860
5.732
0.811
12.096
2.698
2.168
142.808
0.062
0.001
0.183
0.198
19.409
86.592
0.035
0.141
4.747
0.787
1.974
0.667
0.825
1.135
6.635
0.122
3.454
1.336
0.692
0.123
0.571
5.176
34.569
0.000
38.948
7.532
1.310
13.160
6.149
0.689
0.787
0.105
5.768
5.369
11.299
1.387
0.000
0.000
1.451
0.010
1.217
2.822
0.000
2.688
2.195
13.107
1.109
1.739
0.407
0.000
1.151
2.012
0.095
1.088
21.299
1.031
0.559
16.421
0.000
0.132
0.418
0.752
0.205
6.833
2.301
0.000
12.163
6.400
2.420
0.491
0.571
2.008
3.600
1.959
0.017
0.268
3.443
0.141
3.325
0.950
0.000
0.464
0.434
1.240
0.755
4.506
0.130
12.628
3.779
0.185
0.019
0.429
0.009
0.105
0.053
10.357
0.658
0.025
0.000
1.823
1.242
0.000
1.875
0.832
0.029
7.828
0.000
0.217
0.686
0.094
0.000
43.602
0.381
12.190
0.663
2.076
0.000
3.995
31.480
0.139
13.056
5.098
1.994
1.278
1.256
4.266
16.491
127.463
3.349
0.195
0.362
2.292
0.000
2.018
8.740
0.224
0.066
0.000
0.000
12.238
0.029
0.383
6.811
0.087
0.032
2.794
7.645
39.695
0.179
0.000
0.602
0.587
1.297
0.013
0.000
0.022
29.337
0.232
0.000
0.613
6.875
0.942
9.563
0.060
0.000
15.516
75.038
38.717
0.239
1.709
0.000
0.000
0.441
0.000
3.055
0.140
0.000
0.000
1.194
1.508
0.022
2.626
6.229
0.038
4.354
0.317
0.000
0.691
0.989
3.005
9.085
1.888
0.894
0.006
0.000
0.261
10.512
4.632
5.722
0.932
0.892
1.064
2.683
0.105
19.443
0.023
0.963
0.026
2.803
2.170
0.042
0.072
0.697
0.000
44.443
0.937
31.252
0.884
2.052
1.055
1.558
0.014
8.909
0.383
3.571
0.028
92.062
0.243
0.768
13.535
0.239
2.996
0.726
49.427
2.606
6.808
0.894
2.016
5.747
0.635
0.074
29.854
0.578
0.197
6.371
0.000
0.084
0.342
1.523
0.011
11.807
0.782
0.271
0.106
1.252
9.954
0.103
109.702
8.421
3.233
1.787
2.772
0.566
2.045
0.355
0.782
0.244
3.830
2.338
1.287
4.879
0.146
9.176
0.000
27.674
23.428
6.696
12.899
0.000
1.404
14.230
29.267
0.361
0.295
0.007
2.660
1.936
0.049
1.225
0.000
0.816
9.891
0.000
1.893
0.208
0.126
10.220
0.005
15.424
1.064
7.167
1.239
2.116
4.431
13.891
0.619
4.206
8.923
0.000
1.258
1.906
0.188
0.012
0.792
0.000
0.018
5.768
1.405
29.748
5.002
2.278
7.319
4.761
0.108
2.172
1.477
0.005
8.482
37.127
0.000
3.153
0.377
0.939
1.624
0.121
0.232
23.178
0.000
8.295
1.297
2.571
7.959
3.633
0.157
0.169
2.975
7.892
0.000
0.175
0.000
25.776
0.876
8.552
0.000
2.682
6.253
0.475
10.208
41.774
1.398
0.813
1.408
3.885
0.000
0.868
72.831
0.337
0.061
0.239
0.076
1.091
0.945
24.303
0.116
0.119
0.209
0.187
0.210
4.313
0.038
3.190
0.487
0.076
1.411
0.000
15.357
0.663
28.472
79.367
0.000
11.485
0.053
0.010
1.085
1.764
0.457
19.362
0.089
1.300
2.839
0.168
0.814
0.390
0.000
0.724
0.000
14.606
425.948
3.505
0.065
0.421
11.203
0.074
0.150
0.004
0.462
11.077
0.000
28.968
8.536
4.610
0.884
1.002
0.086
1.186
0.045
3.232
0.000
0.398
0.044
0.000
1.667
0.028
2.485
9.372
1.721
0.540
1.097
1.269
0.076
0.000
0.042
3.375
0.358
0.362
0.028
0.000
0.000
0.179
114.991
1.117
4.721
0.127
3.791
9.006
38.813
0.155
0.739
2.096
0.000
0.697
17.329
0.290
0.000
2.803
2.823
0.548
70.605
0.000
51.810
2.923
54.694
0.364
11.235
0.000
7.810
0.468
0.289
0.047
0.000
0.000
251.097
0.236
7.080
23.235
2.209
0.613
3.484
0.082
1.589
2.384
5.938
182.454
0.024
1.394
66.775
84.207
0.502
0.259
0.146
0.000
0.521
1.350
0.219
51.508
0.183
0.084
0.173
1.462
0.100
1.538
14.352
1.537
0.170
0.000
0.995
0.032
0.816
10.638
0.040
45.656
0.000
0.000
2.058
0.296
1.314
14.487
68.888
0.000
1.138
7.678
6.208
1.368
0.000
0.473
0.000
17.125
0.905
1.446
0.000
0.000
1.323
0.000
9.952
0.063
3.270
0.271
0.504
1.434
1.180
3.612
2.080
2.342
2.129
1.325
0.520
0.033
3.559
0.135
14.741
4.120
0.000
0.000
4.910
58.484
16.747
1.568
0.098
0.000
0.189
0.279
0.513
0.924
6.546
0.000
10.818
0.477
0.197
0.037
19.304
48.030
0.525
0.214
30.156
24.363
9.649
5.418
0.054
0.199
0.000
0.017
0.249
3.255
23.653
0.064
0.000
0.310
0.000
8.764
1.138
3.740
46.380
0.048
0.000
4.845
1.810
0.022
3.688
3.189
0.098
0.000
0.527
63.053
0.987
0.184
1.662
0.000
1.019
0.013
0.000
0.486
51.500
1.863
9.353
0.265
0.020
0.000
0.000
9.553
0.028
77.845
0.325
0.041
8.596
0.783
3.433
4.408
0.907
0.136
0.920
1.330
9.236
8.096
0.000
1.063
0.406
4.158
0.130
0.356
4.991
3.615
1.240
11.738
0.018
5.609
2.882
0.602
6.394
1.087
0.000
18.234
7.888
10.443
1.914
1.117
2.995
6.054
5.670
25.825
3.142
6.806
0.220
5.259
0.000
6.964
496.688
0.000
0.011
0.231
9.808
6.155
0.000
85.353
0.432
0.286
0.373
0.107
0.730
123.510
73.787
0.000
5.615
13.531
0.210
20.962
2.405
15.395
1.724
2.930
6.603
7.454
0.048
14.236
2.853
1.502
0.006
0.002
0.102
3.565
0.451
2.448
1.861
0.000
2.805
0.000
0.029
0.000
20.874
2.091
0.172
0.137
7.343
0.032
1.303
0.136
13.104
0.018
1.020
0.756
0.637
0.000
0.064
25.258
0.091
12.011
6.006
0.194
5.903
1.241
4.170
0.000
1.083
0.016
0.657
0.943
2.923
20.600
1.259
0.000
0.556
0.055
4.066
0.438
0.600
0.159
0.000
0.009
0.499
0.329
1.707
0.000
12431.609
0.101
0.117
1.607
0.318
0.131
0.732
0.219
1.629
36.451
0.000
0.485
1.873
0.000
0.012
27.578
0.355
0.079
0.135
46.333
0.576
29.941
1.509
1.311
2.107
0.774
17.238
4.499
0.000
0.473
0.540
0.052
0.000
0.189
0.686
0.020
0.445
0.031
12.715
4.598
29.678
0.347
11.604
0.000
0.465
0.040
2.116
30.111
0.000
1.643
14.869
0.342
0.296
13.607
0.629
18.120
0.110
2440.778
4.886
0.631
2.349
18.805
3.399
0.093
0.234
0.013
2.864
2.264
0.119
17.294
2.650
0.290
2.202
6.750
14.363
0.008
0.807
5.155
4.337
1.779
0.000
17560.477
0.491
0.041
10.310
0.000
0.773
155.180
1.931
0.181
4.100
1.475
0.000
47.187
13.649
0.000
5.520
3.617
0.021
0.000
0.000
0.127
0.000
9.334
1.485
9.865
0.405
0.009
1.486
0.704
12.067
0.997
0.308
0.000
9.047
7.102
0.121
4.352
5414.293
2.083
0.342
0.074
0.168
0.411
0.067
1.122
0.316
11.892
2.357
0.623
2.487
1.040
0.539
22.661
0.093
0.600
0.194
4.967
0.138
2.130
109.905
0.286
0.060
2.259
7.128
0.101
0.000
23.955
0.006
0.000
0.058
0.000
0.000
0.835
3.511
11.497
0.051
0.342
36.862
0.284
3.767
83.994
0.000
38.411
2.767
0.213
27.204
0.000
4.817
3.325
0.217
0.000
0.018
6.437
0.047
70.375
0.234
3.007
1.409
0.167
0.080
0.031
0.092
17.444
0.130
1.128
37.320
1.338
3.811
1.120
18.202
0.000
1.570
0.806
0.129
0.012
5.593
0.000
1.100
16.089
0.000
0.163
6.095
0.000
5.139
4.337
0.032
8.558
0.000
0.161
10.908
0.103
0.485
14.425
71.045
0.035
0.000
23.094
0.025
0.430
0.000
0.721
0.000
0.192
14.272
52.248
6.782
0.000
4.631
0.324
0.561
1.688
0.205
0.055
0.800
2.749
4.751
1.060
0.920
0.054
0.000
2.318
1.158
49.210
3.455
0.765
0.563
22.780
0.362
28.127
5.988
0.000
0.898
6.377
0.277
0.674
0.287
2.042
0.550
7.723
76.011
2.205
0.000
85.319
14.169
0.058
0.424
3.681
14.565
1.019
5.590
0.000
8.858
0.604
0.035
83.101
27.533
0.137
3.624
0.497
0.000
3.225
1.971
0.706
0.215
32.831
9.145
9.562
54.038
0.915
0.181
31.115
2.141
360.089
1.056
0.553
0.007
0.745
0.642
18.866
0.487
1.153
0.376
0.009
0.005
0.050
1.354
0.027
18.729
4.452
23.066
13.513
22.079
0.000
0.000
18.589
0.005
0.132
0.017
0.403
0.104
7.238
0.278
0.191
0.000
0.000
10.908
0.162
8.457
2.862
3.779
0.722
0.093
0.020
32.610
0.000
0.230
0.000
4.085
1.354
1.209
0.164
0.005
0.024
0.049
10.973
0.247
2.074
0.255
23.943
0.722
0.655
1.199
59.365
9.358
0.523
0.749
0.184
50.083
20545.484
9.160
349.777
9.265
0.519
0.504
2.363
1.584
2.437
20.319
0.021
0.000
9.131
0.218
0.216
0.263
0.335
1.902
56.985
0.486
0.203
13.537
0.000
8.185
7.151
0.085
0.000
14.037
0.471
0.162
3.037
0.735
0.435
0.206
0.611
0.015
1.966
10.078
5.537
0.334
0.602
0.151
0.617
0.061
0.000
1.775
0.312
0.129
3.468
0.762
1.921
19.636
0.133
1.070
0.014
21.496
14.369
9.012
16.195
0.097
11.836
0.404
1.044
1.686
0.994
3.491
78.118
0.000
3.124
0.027
2.937
13.310
0.000
2.571
2.018
0.087
0.443
0.728
0.009
0.199
0.004
1.211
0.000
0.070
0.000
134.923
0.338
8.174
0.000
0.321
0.000
0.092
0.156
11.521
0.000
2.950
0.001
0.339
0.080
0.067
0.021
0.093
3.052
0.000
0.385
148.574
4.822
10.383
8.832
1.003
1.901
1.697
0.925
7.003
17.409
0.540
8.927
0.000
0.038
0.042
0.030
1.129
0.398
0.282
21.374
0.295
1.845
4.631
3.626
3.322
39.105
0.257
1.668
7.476
3.052
6.533
0.003
0.182
1.063
60.327
4.669
6.389
4.220
2.259
0.000
87.049
8.169
3.461
0.053
6.320
0.082
3.199
7.784
1.363
49.209
0.427
6.011
32.839
0.000
0.008
0.038
9.530
0.058
3.806
1.418
0.096
14.094
0.851
0.095
0.000
1.404
0.111
0.000
4.169
0.232
6.199
0.000
3.003
0.175
0.042
4.498
52.779
9.071
0.091
3.303
12.225
1.129
1.711
0.021
0.173
3.791
0.408
2.816
3.237
0.000
0.429
0.121
0.878
0.247
0.000
1.380
1.510
0.353
0.075
0.000
7656.997
9.475
0.000
6.750
3.759
0.000
0.000
0.005
1.335
7.651
0.198
0.013
1.466
0.035
0.027
14.371
0.071
1.528
0.851
74.603
0.424
1.640
0.000
3.518
0.424
0.000
45.012
2.677
0.295
0.000
3.652
4.952
7.930
3.968
62.561
0.189
0.823
0.011
101.496
0.000
1.049
2.467
0.463
20.304
3.750
0.891
0.000
0.594
166.425
0.040
0.110
3.098
11.564
0.016
0.093
0.543
15.561
0.088
0.376
1.043
2.491
0.789
7.685
0.182
0.933
7.312
12.923
3.858
0.004
0.000
0.000
0.000
0.401
1.788
0.274
8.410
7.551
0.173
0.501
248.461
0.000
1.985
0.157
0.480
1.984
0.074
1.153
17.224
0.991
63.423
0.094
4057.069
0.716
6.595
0.000
4.764
3.359
6.563
2.356
0.153
19.318
1.060
0.256
0.135
0.053
4.114
33.522
0.349
1.549
6.494
1.671
15.183
0.000
7.746
0.630
0.313
3.693
5.714
1.191
5.732
0.039
1.872
102.679
28.123
0.046
3.884
0.005
1.048
0.046
1.027
4.272
0.207
0.164
1.175
3.927
0.050
0.079
0.083
9.275
8.683
0.000
0.553
0.717
0.000
0.000
6.620
0.000
0.029
0.171
4.490
0.000
4.282
0.000
2.810
0.000
7.907
5.093
2.319
0.000
0.024
0.423
5.749
0.000
2.593
0.045
0.194
6.066
9.077
3.742
1.788
7.319
13.778
2.506
53.468
2.120
1.852
4.076
0.629
0.000
1.009
0.076
0.000
4.263
17.528
0.021
0.160
0.037
0.105
0.028
2.082
15.517
6.248
0.105
0.438
0.296
1.655
7.599
0.036
0.194
13.026
2.605
3.621
8.961
88.202
16.217
0.000
0.241
4.837
0.000
1.533
0.820
0.081
0.651
14.937
0.000
0.019
0.000
12.737
3.734
0.150
0.000
6.831
0.490
1.503
1.359
0.000
0.097
0.152
4.774
1.117
0.066
1.173
8.540
0.041
0.587
4.033
0.114
6.428
0.580
22.387
3.890
2.443
6.436
6.145
0.000
2.694
0.000
0.000
0.117
0.613
0.000
1.190
0.695
0.155
0.315
0.611
0.204
0.000
0.081
8.176
0.075
0.014
4.874
0.077
0.042
2.625
0.350
1.577
0.000
4.136
0.023
0.000
0.205
0.768
3.682
0.000
0.971
10.611
4.789
1.331
6.233
0.713
0.923
1.567
0.062
1.765
5.464
0.118
0.000
0.000
0.408
10.654
46.208
1.586
100.952
0.654
0.000
5.166
0.000
166.141
1.905
1.218
2.704
3.839
1.425
0.174
0.495
15.057
0.000
0.259
5.205
10.743
0.684
0.007
20.489
4.973
0.040
0.000
1.094
0.861
1.265
0.096
0.040
0.179
0.006
7.267
0.852
0.099
1.571
9.919
0.031
0.000
20.178
54.603
0.985
3.031
0.822
1.265
1.058
0.850
3.628
1.544
0.009
8.728
0.000
0.073
2.884
0.000
0.000
1.134
4.054
12.604
1.751
0.000
0.307
0.001
28.474
0.000
0.036
1.142
0.000
0.023
0.000
0.128
0.026
4.377
1.887
8.359
0.000
24.443
89.874
1.207
2.680
56.413
38.088
1.978
0.037
2.194
1.250
38.699
0.699
3.248
1.865
11.152
0.830
8.187
12.864
1.839
2.546
2.779
0.000
5.620
0.000
3.673
0.077
0.000
40.761
0.048
56.759
0.390
8.992
2.259
0.720
0.013
0.000
0.586
0.000
1.489
0.111
0.350
0.000
0.000
0.600
1.224
16.906
41.998
0.000
0.244
25.467
0.585
24.878
0.021
2.918
3.377
6.254
0.051
0.000
19.494
0.317
2.488
0.191
0.072
16.156
0.000
40.026
3.531
0.094
0.102
0.010
0.422
1.574
0.000
2.503
45.059
6.405
1.808
1.061
0.031
0.651
3.064
7.588
0.081
1.096
5.094
30.806
0.032
0.516
0.255
0.987
0.060
0.814
2.283
16.156
1.756
0.071
13.688
3.856
0.075
3.266
0.995
0.228
0.584
1.696
0.000
0.072
10.454
2.572
1.667
43.653
0.157
21.507
0.000
1.055
0.285
0.136
6.110
0.000
0.105
0.255
0.000
0.000
0.057
0.000
0.000
15.212
5.603
0.086
0.000
7.239
0.300
1.328
0.000
8.925
2.491
0.227
2.023
0.169
1.472
0.000
7.444
18.305
0.000
0.616
0.136
0.107
0.000
0.026
3.041
0.990
6.500
1.344
0.317
0.195
6.277
0.748
34.576
4.573
6.149
0.011
20.463
0.095
0.631
0.097
8.325
0.000
0.000
1.368
5.977
0.174
2.874
0.474
5.833
0.013
57.760
0.323
0.000
0.241
0.000
1.659
0.066
0.362
0.045
38.705
1.120
12.096
0.175
0.603
5.094
0.952
2.377
3.488
0.000
4.945
76.462
0.000
0.610
0.340
10.239
0.977
0.552
1.046
0.000
0.000
0.061
5.259
0.741
0.748
1.191
0.107
2.225
0.154
0.010
5.487
12.361
0.780
0.466
1.035
1.949
7.623
5.442
2.086
0.286
41.517
0.004
2.812
15.478
0.000
3.098
0.030
1.920
45.997
3.991
10.663
0.080
0.000
1.932
22.954
0.038
1.599
0.089
1.887
2.629
0.088
9.471
0.017
28.484
0.276
5.958
9.221
0.000
2.179
0.000
1.639
0.000
0.397
0.710
1.354
0.485
1.593
0.335
2.198
0.044
19.028
0.987
3.744
0.308
5.581
0.289
0.091
4.563
0.539
0.000
0.283
2.417
25.749
0.048
5.530
129.456
0.000
61.353
0.606
1.478
0.556
0.847
0.986
2.436
3.588
12.689
0.000
1.161
0.066
0.000
0.885
0.168
0.018
0.769
0.890
21.312
1.215
260.721
63.862
1.138
0.155
1.526
0.012
0.000
0.152
2.173
14.303
11.550
5.292
1.649
2557.249
40.209
0.015
36.146
0.399
0.000
0.046
0.054
0.984
0.140
2.184
0.000
0.211
20.444
0.000
0.809
20.036
1.638
0.000
0.394
0.496
0.049
0.066
0.000
37.796
0.005
0.210
0.061
9.995
13.107
29.858
0.005
2.369
19.120
0.899
1.045
0.000
0.065
0.035
1.434
7.889
0.000
0.324
14.511
30.953
0.011
3.587
3.514
0.904
0.000
3.384
1.852
4.207
1.847
0.213
4564.192
26.501
0.000
16.765
452.744
2.272
0.000
8517.145
7.707
1.165
0.014
76.525
2508.094
1.447
0.440
0.739
1.444
3.276
0.000
0.318
0.684
1.879
0.098
2.469
47.058
0.847
0.239
0.064
5.809
0.000
14.870
21.648
1.511
0.000
0.854
0.000
18.254
4.636
0.056
0.000
0.103
24518.963
2.779
4.500
0.470
0.340
1.735
1.051
0.957
1.068
2.270
0.000
95.669
5.163
5.359
7.123
0.063
0.002
0.570
0.170
0.800
0.879
797.984
0.013
0.564
27.696
6.554
0.000
0.279
0.016
0.428
0.000
0.075
0.587
0.000
3.064
0.509
0.000
4.121
0.523
0.774
0.000
0.645
1.833
2.443
0.031
8.657
5.003
0.104
1.492
2.072
0.063
4.010
11.232
0.422
0.000
3.193
1.254
5.360
0.175
1.045
0.997
20.736
8.691
0.008
0.242
5.735
33.454
1.411
4.873
8.704
2.385
0.262
0.001
5.203
10.250
2.174
0.147
0.010
0.660
0.142
0.203
0.028
2.079
0.268
0.000
93.829
2.968
7.073
0.159
10.211
0.163
0.712
10.341
0.036
6.561
0.359
0.003
2.015
3.655
1.012
0.328
0.003
10.500
3.524
0.583
0.345
1.375
1.358
11.986
0.924
25.835
11.408
0.000
72.710
1.989
3.270
1.950
0.000
0.886
0.002
0.000
17.243
6.759
0.376
43.081
0.017
0.012
15.835
3.756
0.875
1.501
0.066
0.935
0.993
3.243
0.163
0.193
0.122
2.942
0.551
0.044
0.030
0.217
0.265
1431.511
0.315
0.000
28.698
9.314
0.010
5.499
5.651
3.739
1.386
0.301
8.177
1.246
2.875
0.000
0.582
0.025
12.604
0.288
4.346
5.173
2.712
0.089
0.058
0.283
70.679
0.417
3.053
0.824
0.474
88.007
1.490
1.725
0.212
6.109
0.603
5.417
0.000
0.768
7.222
17.618
49.163
20.212
0.000
2.544
0.182
21.378
1.063
2.979
0.533
3.092
1.188
0.390
0.007
0.031
0.000
0.338
0.000
0.243
2.388
0.268
2.772
1.310
0.088
0.000
1.762
0.069
4.681
0.044
0.104
1.056
0.091
6.774
0.000
13.493
0.000
0.000
0.226
41.179
4.804
1.038
5.221
41.590
5.457
0.023
2.013
0.114
0.235
7.167
3.314
3.715
0.247
0.572
0.000
1.489
0.055
0.982
0.265
0.390
33.063
17.389
11.066
0.000
0.298
0.000
7.875
0.892
2.286
2.728
1.998
1.364
0.029
0.000
25.628
3.652
10.498
0.071
1.823
0.881
0.162
1.592
0.281
0.659
0.082
1.502
0.146
1.507
0.025
0.813
11.669
0.000
2.477
1.034
30.720
3.664
0.335
0.861
0.194
0.000
0.262
8.010
0.457
1.973
0.009
0.095
0.249
0.230
0.000
0.119
0.123
0.102
0.000
2.115
1.451
0.000
5.262
0.572
59.607
0.000
0.650
1.934
191.624
60.676
0.063
2.297
0.646
0.724
6.526
0.268
142.584
7.824
41.463
6.031
0.100
1.975
0.102
0.541
3.361
0.000
5.518
0.276
0.000
0.338
1.697
0.240
0.000
5.708
0.073
7.156
0.027
3.765
4.310
0.305
3.209
1.277
0.142
0.476
0.280
10.351
1.125
4.193
0.522
2.356
10.741
0.073
22.355
0.000
18.130
65.873
1.336
0.634
18.819
10.329
0.947
1.619
1.245
0.294
1.376
0.418
0.003
0.031
0.419
6.515
11.887
0.000
1.604
0.153
0.021
8.228
1.883
7.474
14.008
48.728
6.493
0.625
2.652
3.339
12.080
0.999
0.861
0.000
15.227
5.448
0.982
7.487
3.925
4.950
0.316
1.015
17.677
6.789
0.206
0.116
0.007
15.935
0.127
0.000
0.724
0.000
0.611
2.897
4.161
1.563
0.035
0.187
0.000
1.113
5.547
0.000
0.324
0.132
1.810
0.086
0.000
1.162
2.299
0.164
0.400
0.356
0.000
0.097
2.640
0.004
10.358
0.000
0.691
0.036
0.223
0.000
1.569
0.059
3.458
0.718
27.533
5.385
0.426
45.084
0.442
1.386
0.127
1.325
1.434
4.272
1.837
0.044
8.176
54.160
0.000
0.033
2.098
0.387
0.794
0.000
0.244
1.496
1.037
6.709
0.027
0.798
42.627
0.000
0.218
0.000
0.000
2.324
2.527
0.000
0.265
7.622
2.475
0.516
0.008
1.115
0.000
0.120
2.177
1.167
0.000
0.000
1.069
0.011
4.144
0.000
0.562
18.051
1.082
0.010
0.084
0.186
1.122
3.444
2.540
0.000
0.154
1.074
0.002
7.425
5.966
36.846
0.640
0.256
0.565
4.157
2.298
0.706
32.861
0.910
0.946
5.424
0.000
14.244
0.625
0.000
16.396
0.102
8.045
16.897
0.132
2.122
206.520
0.063
0.421
2.251
0.000
0.882
0.574
2.123
4.292
2.183
0.063
0.261
13.840
0.661
3.055
1.735
42.271
0.595
99.086
13.927
0.174
2.660
0.000
2.662
0.313
0.695
0.050
1.472
0.000
0.104
1.403
1.459
16.182
0.494
0.000
7.082
1.445
4.338
0.229
1.215
0.504
1.595
6.112
4.009
0.958
0.313
11.362
0.000
0.525
0.022
2.935
3.283
5.777
0.202
0.157
0.326
0.054
0.285
0.131
1.751
24.190
0.000
1.331
8.975
67.557
0.355
0.818
0.000
9.421
3.964
8.683
0.690
0.885
0.034
0.146
1.570
0.000
5.708
1.902
4.081
0.000
1.734
0.957
6.240
0.000
96.688
11.381
0.977
1.369
0.020
0.297
2.958
6.004
0.325
0.100
5.223
0.241
1.342
1.905
0.000
9.424
0.504
0.112
117.629
53.898
7.919
40.066
1.555
7.315
1.637
0.000
28.963
9.200
4.925
2.264
2.798
0.794
3.175
30.272
0.507
13.219
22.168
0.165
0.442
0.030
0.272
1.075
3.782
0.000
2.032
0.000
0.261
1.148
0.791
1.695
4.633
0.137
20.278
1.077
0.240
0.513
0.971
0.861
8.199
0.000
2.020
0.000
2.344
13.446
0.611
2.499
1.047
117.727
0.337
0.000
13.464
0.145
0.304
20.933
1.918
0.875
0.000
14.590
0.000
2.730
0.087
0.863
10.476
0.345
8.857
6.514
0.319
1.579
0.316
0.166
4.602
0.642
1.026
3.589
6.144
0.035
5.264
0.541
15.440
0.496
0.882
0.000
5.753
0.146
43.029
14.810
0.117
0.202
139.864
0.000
2.078
123.588
0.000
12.943
0.000
0.841
0.567
2.877
0.237
1.401
41.984
0.000
0.490
1.457
0.642
0.022
0.000
10.802
5.908
0.000
1.217
0.246
0.272
0.000
0.108
1.447
39.426
1.432
2.852
1.221
7.243
2.090
0.263
0.000
0.000
0.000
2.425
5.242
0.517
0.008
1.976
15.370
0.296
7.356
0.000
0.874
0.043
12.596
0.235
0.238
0.228
8.730
0.000
34.864
0.000
0.313
0.002
0.013
0.254
17.708
7442.681
3.562
0.361
0.907
249.522
14.458
0.105
0.686
33.288
5.224
3.984
0.379
0.758
0.508
0.000
1.314
10.435
11.333
0.395
1.973
6.883
0.000
7.646
0.436
58.065
0.000
3.308
0.273
0.148
0.059
2.802
4.273
12.067
106.556
1.214
0.086
0.000
4.776
22.329
2.647
7.305
1.605
6.524
24.537
0.341
4.109
2.569
0.333
3.012
5.770
0.364
26.047
0.086
1.737
0.013
0.716
8.885
0.057
0.250
3.943
0.006
0.000
10.472
2.646
0.136
0.000
1.245
104.397
0.013
0.051
0.222
61.661
31.328
0.437
57.629
1.071
123.810
0.269
2.168
41.680
0.343
0.000
0.000
7.805
0.208
189.667
39.987
2.750
2.980
178.573
49.119
0.232
4.154
6.595
0.000
2.705
0.808
1.166
0.017
2754.549
13.862
3.032
0.004
38.011
126.695
0.444
11.453
2.141
4.145
0.054
2.255
0.000
0.000
1.718
1.624
0.048
0.000
0.038
0.015
59.266
17.842
24.800
0.220
0.000
1.274
0.503
7.367
0.189
0.773
135.771
0.813
8.771
1.384
127.122
4.034
0.069
23.935
0.010
2.560
1.116
0.147
0.000
2.080
3.990
2.879
4.376
0.000
3.257
4.310
1.343
4.160
43.601
0.003
0.146
0.283
0.023
0.137
0.423
1.816
7.655
1.245
3.455
2.486
0.000
1.815
0.000
1.077
3.149
24.073
54.072
0.000
3.422
0.681
0.000
1.592
0.025
0.000
0.000
0.647
16.950
5.087
34.133
0.274
0.417
0.056
0.042
0.011
34.336
0.530
0.106
0.500
2.522
1.085
0.000
1.457
87.760
2.393
0.056
0.000
9.190
0.000
106.321
0.047
0.000
1.043
0.196
0.000
0.043
1.744
0.332
87.169
1.097
0.744
0.308
0.046
29.294
15169.693
0.834
0.000
7.081
0.036
0.027
24.785
0.071
0.386
72.606
4.432
0.199
0.510
42.431
31.635
79.002
16.532
0.488
1.194
0.037
0.217
1.097
0.243
0.176
9.772
16.191
0.201
3.099
0.164
0.224
191.687
1.058
0.076
0.144
5.314
4.327
73.453
2.063
31.236
1.773
21.722
90.671
0.032
0.065
3.260
0.824
1.508
0.000
2.315
3.275
0.028
0.775
15.423
48.053
0.094
0.205
1.514
410.473
0.409
7.761
16991.414
5.238
0.119
0.085
1.581
0.157
0.413
0.226
0.008
0.000
1.243
0.194
0.044
32.913
0.459
3.048
1.930
6.971
1.620
0.010
0.000
3.638
23.279
10.075
0.335
0.000
56.522
0.008
0.252
2.039
1.477
0.154
0.275
0.033
0.130
0.000
2.289
25.311
0.297
1.101
56.701
28.352
13.331
0.092
0.307
0.115
0.015
3.862
8.261
1.003
0.161
4.941
0.051
0.948
0.083
0.929
10.785
1.759
32.827
0.110
0.854
0.057
0.008
28.461
0.000
13.003
0.000
0.994
0.145
1.149
0.000
0.301
0.995
6.491
0.214
1.432
0.000
0.064
0.070
0.016
0.029
2.298
0.000
0.329
0.011
0.367
6.657
0.000
42.772
0.519
0.000
0.363
56.659
0.090
1.283
2.300
0.000
0.056
0.176
2.100
1.254
0.207
0.380
19.740
20.846
27.183
1.072
0.242
0.083
52.954
0.452
3.353
83.661
10.931
16.103
2.704
0.585
10.772
5.348
12.973
1.577
0.304
2.932
0.000
13.167
5.190
0.000
0.305
17.953
3.492
1.030
1.525
1.422
0.020
0.188
1.714
0.846
0.147
0.001
16.429
5.597
0.066
0.158
2.293
0.290
0.498
0.000
0.000
6.032
0.639
2.832
14.452
1.299
0.000
2.089
0.000
0.668
0.999
0.011
0.033
1.235
101.726
0.783
7.303
6.057
32.008
0.028
0.655
0.699
0.289
2.155
0.328
0.129
0.000
0.463
0.000
0.027
29.400
0.243
0.259
0.619
0.175
0.000
1.570
0.000
0.209
0.201
0.000
0.000
0.000
0.826
1.991
0.283
0.000
288.836
0.005
2.046
64.361
0.064
0.617
1.076
0.645
21.047
2.173
139.643
8.662
2.889
0.441
4.856
7.584
0.447
0.195
0.000
0.000
0.118
0.403
0.419
5.361
0.593
0.000
4.034
6.335
8.188
2.218
0.000
0.065
3.810
30.814
2.003
22.796
22.571
15.072
0.000
0.359
125.255
0.511
0.170
72.837
0.198
1.742
0.000
0.000
161.493
0.256
6.031
1.109
1.057
0.119
0.915
1.158
0.000
0.124
0.452
2.813
6.337
2.692
99.081
2.848
0.030
3.648
182.380
0.256
4.177
0.000
0.171
1.036
3.689
0.168
2.624
20.920
0.077
4.795
0.069
2.540
7.351
4.274
0.018
3.025
0.000
2.011
105.056
145.015
0.003
1.451
0.106
1.217
5.900
0.269
0.177
0.098
13.765
5.356
0.543
0.632
0.000
19.610
0.735
32.786
33.673
1.791
1.804
0.362
0.658
19.779
0.559
3.507
0.027
12.474
2.807
3.491
3.830
0.879
0.000
11.883
0.800
0.100
4.446
0.000
0.465
0.000
0.568
0.267
0.673
0.000
1.094
0.000
8.273
1.525
0.277
36.915
11.694
0.320
0.620
0.000
0.000
0.877
0.430
0.501
4.136
0.019
2.110
3.173
0.422
0.940
0.649
5.558
0.000
6.883
12.249
0.137
49.935
0.000
1.595
1.023
0.306
0.832
4.158
2.867
0.998
3.141
5.302
1.160
0.033
0.000
0.011
0.770
1.285
2.301
228.676
1.488
0.104
0.282
1.187
0.049
0.011
30.096
24.891
20.350
1.059
2.348
0.000
0.039
0.060
1.421
43.740
15.937
0.031
24.627
19.971
34.904
39.671
48.536
0.358
0.230
0.384
0.046
4.698
0.000
1.484
20.671
0.216
0.069
0.000
0.195
0.382
0.656
1.657
1.206
0.000
0.011
0.352
0.883
0.007
5.366
20.983
0.058
0.000
0.686
1.571
3.591
0.030
48.927
0.819
4.393
0.025
0.995
0.149
0.964
2.830
0.564
5.484
7.046
0.000
1.534
0.542
0.240
0.150
1.126
1.210
0.000
226.040
0.575
11569.604
4.473
0.172
0.000
1.523
0.088
31.857
0.139
0.000
27.497
2.396
21.113
0.000
5.893
0.102
1.091
0.000
5.501
0.000
9.749
0.395
9.647
0.002
6.067
0.008
1.219
13.131
0.080
0.118
2.806
0.000
0.129
6.978
1.075
4.282
0.439
3.024
3.667
0.008
0.089
0.171
0.205
1.132
0.000
133.926
0.411
0.139
23.374
32.122
1.175
0.000
4.749
0.509
0.925
0.540
23.493
0.389
0.000
9.082
4.262
0.012
0.020
0.000
9.828
0.245
0.244
28.594
2.693
0.963
3.970
76.712
0.000
0.701
0.000
4.222
0.861
8.548
0.019
2.758
1.377
8.880
2.310
21.033
4.674
0.000
0.241
1.847
0.000
0.026
8.880
0.339
1.327
0.000
11.606
7.101
8.054
1.805
0.310
7.520
1.738
0.265
1.119
6.615
6.920
0.000
93.601
0.000
0.548
120.953
0.735
0.773
0.000
10583.904
0.065
10.156
4.004
41.015
0.986
7.498
1.198
4.448
0.281
13.121
0.489
0.537
0.538
3.597
4.127
0.677
0.201
3.403
0.000
6.379
3.821
0.680
1.071
2.175
10.738
2.591
0.138
5.179
0.000
0.365
1.868
0.974
0.000
0.081
16.592
0.000
11.347
0.743
5.554
1.622
74.722
8864.388
9.221
6.847
1.179
50.920
4.207
10.472
1.253
0.008
0.045
0.123
2.405
0.000
1.126
26.109
2.577
0.266
6.647
17.938
92.112
0.209
0.045
0.099
0.000
0.986
1.344
2.937
0.000
0.008
0.099
4.407
0.182
0.683
0.046
19.037
0.000
0.000
431.512
0.657
2.084
0.919
13.116
9.374
0.894
1.239
35.571
0.103
0.731
0.631
0.721
0.570
5.207
0.151
0.953
0.136
2.581
1.086
1.230
0.094
0.821
4.297
0.442
0.000
0.944
11.051
0.389
25.024
0.009
0.953
1.368
1.046
0.484
5.315
1.527
29.453
8.990
0.377
0.538
0.117
0.000
0.038
0.000
4.549
0.052
23.359
13.976
19.714
0.106
0.522
1.211
2.162
0.039
0.514
0.929
0.707
0.157
12.605
0.489
0.860
0.000
9.832
10.125
0.000
0.065
7.925
0.194
4.580
39.215
0.014
6.149
9.312
0.247
0.000
2.335
9.233
2.929
0.077
1.041
1.112
0.000
16.101
27.505
52.505
0.226
0.865
0.036
5.485
20.985
0.676
0.469
17.721
44.736
0.332
21.631
0.000
0.079
0.000
0.244
17.443
0.000
2.458
0.086
8.259
0.719
56.075
92.989
14.527
1.973
0.560
0.000
3.846
0.199
17.580
0.151
7.503
3.016
1.266
3.620
9.824
10.509
0.194
1.038
0.136
0.000
2.515
6.598
8.952
0.260
3.509
0.641
5.559
1.097
0.000
6.194
0.416
0.110
6.199
62.845
1.486
0.265
2.949
16.485
3.610
1.602
9.769
1.082
18.996
0.649
0.570
2.342
0.568
44.963
11.322
0.185
84.406
1.615
0.420
0.008
8.741
0.006
0.018
5.127
0.409
0.000
70.429
0.791
2.447
124.895
5.271
0.096
0.027
0.061
1.066
1.568
4.582
10.358
4.100
0.737
1.075
0.391
2.096
0.052
0.010
0.914
0.703
4.416
3.677
1.570
0.000
1.921
3.172
0.374
0.425
0.000
0.054
0.000
0.407
0.028
0.086
28.081
0.011
0.136
0.000
0.145
5.122
59.301
0.000
2.157
5.076
0.000
0.285
0.006
54.114
5.987
91.892
0.336
167.320
0.625
1.326
0.905
0.687
3.745
1.160
7.218
11.332
1.929
2.133
13.039
0.153
157.325
8.834
9.653
0.736
0.581
21.828
1.280
1.854
0.000
17.401
0.000
3.129
9.689
0.000
17.045
9.139
103.928
0.000
0.526
1.203
0.206
2.358
2.672
56.974
2.653
0.382
0.000
0.017
42.802
1.994
0.000
0.000
1.289
7.659
1.020
0.000
8.568
1.258
0.000
2.104
0.340
2.727
0.079
7.592
0.126
2.168
14.776
6.532
3.114
0.175
0.021
1.902
0.265
0.000
0.004
1.455
0.000
3.276
0.116
0.088
0.735
0.017
0.356
5.035
0.145
0.400
1.281
0.447
0.000
87.279
0.164
3.301
1.075
0.000
0.047
0.000
0.015
0.000
0.334
0.121
1.393
0.529
0.293
0.513
0.705
63.000
60.569
0.000
0.618
0.579
2.481
2.970
0.331
11.752
65.597
0.000
0.585
2.739
3.760
89.216
0.187
1.926
0.104
0.000
0.000
0.524
30.540
0.166
0.005
5249.762
0.754
0.000
0.202
0.121
1.761
2.015
0.925
0.073
0.000
1.954
36.553
0.056
0.000
16.465
3.846
92.223
0.103
0.001
0.358
0.250
2.634
0.182
0.900
2.351
0.026
0.000
0.133
17.181
3.040
0.749
0.000
14.581
11.079
8.517
0.011
29.192
0.000
3.925
0.013
87.428
9.226
0.531
0.065
8.830
0.328
1.885
0.657
2.557
4.500
0.644
0.050
17.336
2.340
0.000
12.581
1.329
0.000
10.491
0.000
32.576
0.000
0.690
0.530
4.418
0.365
1.085
0.044
2.597
18.383
0.263
2.859
0.000
4.179
0.490
